1000
6647
2441
8227
0232
8083
6970
9908
4800
2797
8323
9965
9595
8135
1121
6011
4952
7891
5010
5114
5405
0259
1874
1111
2734
6389
0773
1383
4579
9322
3898
5894
2248
2614
3818
2599
6460
8077
0208
7569
5889
9424
7027
0188
9459
3509
2818
1401
6038
1538
5504
3523
8174
6734
9963
4795
5626
1825
7573
0900
4902
1033
1076
3262
3144
6442
4553
6905
0411
3596
8796
0758
5821
8584
6314
6705
2807
2598
4468
0824
9354
8600
5932
9303
9177
6075
3307
2799
2683
1401
9559
5483
9172
4456
9288
4574
9691
7441
9842
8039
0469
0692
0647
1869
4066
5513
1618
5442
8887
7769
9229
5880
8852
4168
9908
7950
0282
6352
9092
9387
8532
4959
0819
4800
2248
3905
9593
2114
2347
9723
3323
5266
8562
7955
7792
8356
4693
0717
4038
5376
7898
9524
6278
6849
5614
4964
6387
6630
8005
4303
0458
4054
8997
6728
6850
2852
7450
8907
9160
7445
6138
1364
2646
0555
8060
9343
5629
8614
0114
9741
1430
9099
4516
4302
1525
5090
8753
8708
2881
2925
7288
4222
3361
3286
6431
7019
9502
2831
7973
2812
1321
1666
9311
9870
8583
7008
8747
4098
8154
9820
6852
8609
6285
9950
7492
8364
7595
5025
9772
3536
8680
3203
1405
8377
8989
5157
5617
3182
7319
2116
0897
6232
2153
0359
1786
2467
8590
8311
0416
0728
2685
8768
7793
5174
5544
0251
9518
9100
4990
1295
5293
5174
6998
5890
4174
0260
6659
4263
2307
8058
0886
7157
9595
4944
3495
0772
0860
5915
4515
3346
8309
3466
6930
3415
7265
8258
0473
8587
4107
6181
8372
9826
7720
0768
3767
6238
0393
7257
6431
9988
1926
4467
8639
0283
8539
5922
2639
7449
7531
6938
5726
5295
8497
9670
4607
5572
0384
1887
7115
1805
5943
1526
1633
7454
3053
7049
8433
0843
7282
8772
4300
6780
7571
3136
9847
1648
2676
6263
9010
3693
2215
0832
9181
5416
4118
8761
1395
0329
2228
5805
2540
9021
0757
5965
3826
1393
7807
2748
3274
1981
7845
7026
5706
6861
3160
5391
5440
2126
5224
3641
4489
0963
4622
7096
6124
7339
1436
4479
1817
9136
7928
3831
4901
2408
0055
4529
2485
9639
9573
2003
7736
8618
4502
4584
6471
9610
3814
8417
4521
5726
2639
3112
8100
8503
1466
2806
7621
2498
2513
5534
8517
2303
0778
5135
6552
3050
3444
4946
8263
7338
0167
5730
8691
3976
2120
5942
7011
6687
4014
6875
3522
3238
7688
3317
8346
9814
7239
3809
0158
1997
3345
9998
6215
2603
5587
7696
4374
6636
8621
5371
3740
3281
1917
7671
5789
1903
9256
6164
5148
5291
9586
9057
6208
9499
5571
1488
4968
7477
4755
7945
6434
8312
8518
2459
2517
1091
7973
7776
0782
0418
7496
2108
1770
5398
8709
5664
0376
0905
7490
5156
3332
3904
2931
1252
2827
1355
1523
6044
6390
3544
0624
1364
3648
5057
3742
0267
6054
4013
8532
9805
2896
1713
9394
1912
8687
7282
3254
5651
2624
6534
0346
9476
9669
2994
9868
0111
9747
6913
9626
9317
6613
1522
7343
3676
1264
2470
8343
3272
9517
7283
6984
3502
0301
7205
2807
9902
8390
9119
4867
8649
0685
9818
4724
5444
4069
5477
4089
6774
5029
3723
4123
2953
8962
0814
1538
6603
1816
4973
3309
6886
9412
7547
5936
5937
4809
2149
8938
6516
4217
7803
2536
8587
2541
1509
3010
9688
5716
6195
2914
4870
4513
4146
0084
2086
8457
4866
5110
3511
9244
8812
0168
7547
8739
4030
7984
3711
4431
8841
2907
6187
4225
7160
4509
1811
1306
4885
1066
9242
4133
6454
6339
8438
2764
2642
2448
2223
9063
5974
7565
6116
8052
2793
5310
1709
1614
0567
1827
3964
6071
6586
8329
8354
9552
7064
4754
6937
2482
0230
4534
3965
8022
4641
2675
9182
9654
0420
2509
4538
6103
3832
6209
4214
6590
4512
0749
8568
0936
8714
5901
1426
4884
0030
3396
8135
7486
5303
8908
9419
9783
2850
6774
7756
8626
6138
5833
3251
5225
8172
9767
3938
5817
2305
2352
3615
3086
8211
1913
2974
6438
0636
0206
8937
6187
1376
9213
3173
8783
7078
6630
9573
9699
0429
9666
7375
4195
3304
6321
6304
8954
9937
3929
4245
6188
4100
7292
4603
0528
7818
2472
3661
7714
7346
6130
5610
9078
1192
3708
1719
0193
9727
7206
0745
2284
9323
1824
0724
5777
7331
5964
6551
0777
4255
3115
7229
1111
9671
5465
9694
3252
8977
7152
5457
3258
1402
1419
4229
8796
2799
7488
8551
7241
9975
4784
2948
9370
9636
4956
7031
0640
7125
1121
1403
1951
7457
1628
7977
8216
3211
2549
7788
3328
9894
2479
8690
2990
5816
7750
9669
7087
4347
6014
0458
3359
5766
1562
8339
6333
2913
6484
0586
9868
9662
3762
5239
7558
0145
0670
1355
5508
4321
0670
7949
0510
8733
3125
8835
5032
1056
8633
0670
0350
3527
6158
8332
2638
3718
4309
0730
6451
2782
7390
9883
3375
4406
3252
8741
2611
1502
8166
9098
5040
6169
7919
3824
4770
9310
0816
1778
2570
0817
3863
3390
1901
9587
0283
4056
0452
9393
5780
3973
6658
7326
5794
0458
9551
4645
6098
6698
2210
7046
8514
6218
3042
1225
4122
2685
6341
5879
1366
5740
2017
6152
2890
2662
6729
3062
2323
9724
9575
1795
1603
3896
8108
3991
2804
1333
7642
0279
5340
5189
7920
9004
4513
7565
3308
9883
9166
5111
2008
5816
0879
6203
5160
8069
0480
9102
9971
7136
1767
7079
7267
9573
5280
8309
1175
0291
6840
8449
6408
4169
0353
3786
7353
7878
9791
2840
1490
6538
5391
4192
3597
3539
1347
2565
9277
0121
3083
8143
4677
6452
5123
8944
7763
5121
3741
3260
3706
3300
7794
6533
9394
1715
9068
8800
2021
4053
2831
8313
9371
0755
6473
8690
7278
0496
8400
8288
4388
5733
5653
6145
7920
0110
4338
8255
3123
9752
8061
8515
5969
0088
3988
8549
2472
9686
0669
6869
2039
3915
5457
0713
4336
7628
8128
5513
6311
9799
5646
6250
1877
3273
2641
