3626
8054
7586
0093
9833
7388
0291
0702
0218
3070
4665
8903
1121
1255
9654
1444
0483
3821
4606
3906
1799
0150
3594
5687
3647
8416
8022
2713
3831
0705
7466
0053
2855
0734
6711
5500
0430
3411
1556
7722
1674
0977
2955
0851
2487
0242
0407
4784
4492
3265
8841
9261
1175
0027
9688
1093
0619
7534
4332
0181
0970
3493
6390
4743
4608
1494
7071
9468
3899
2446
6105
0018
0270
9883
3148
8369
5259
5403
1611
7726
7436
7956
3549
8688
2220
0148
4137
0442
1311
3364
1064
1097
7478
1476
5576
7847
0011
5910
2562
0217
8898
6350
0012
5206
8502
6550
0897
4995
7131
4498
7842
2025
9263
4190
1929
7603
8647
5981
0149
2614
3881
6235
7781
3672
5775
0318
3845
4074
0307
6458
3242
7214
9830
4917
0565
3532
6191
3944
5472
4598
2875
9537
2270
5812
0107
1403
4243
8661
7798
7369
7662
7219
4335
4589
5912
4983
8785
2935
3421
5854
7133
9330
4496
8803
4855
6031
6402
3576
6887
5008
1968
0138
1979
8202
6098
1489
4050
0849
2461
8527
5556
2155
9580
1459
0863
7465
3565
4562
3638
1219
5375
9837
2067
8810
3092
2163
7862
5498
8059
3286
9006
5378
5275
8335
4901
7526
1278
7233
2154
8970
7741
5123
8483
1997
4281
6510
5148
9451
6553
3867
6448
3075
2771
6954
5895
4376
2029
9890
8895
8030
8452
2063
4156
7829
3727
8967
4349
8188
6873
7562
4524
4732
3029
8626
2800
0147
8853
9202
1193
8704
4157
7028
4645
0869
3786
2901
8685
3010
2741
8796
9089
7616
8609
9338
7181
7495
4120
0946
1758
9906
9091
7577
1306
6061
6321
9209
7539
2061
7122
0335
9726
4650
9343
8655
1485
6096
2309
9709
3406
9538
8058
7789
0356
7986
8568
4509
6213
5939
9067
0100
8057
8752
3890
5660
7337
9641
2944
3268
3911
3772
9336
6409
9154
1932
2286
2636
8764
6940
8496
5738
1787
6872
4194
5760
7421
0995
1545
2856
5471
8829
0088
0309
5430
7374
6465
2558
2095
2316
1847
2096
3872
4077
8313
9904
2536
7126
7145
1564
5110
2703
6424
8696
5106
7770
2187
0319
6512
3289
6567
8475
3773
9556
2394
0353
5679
0741
6976
7810
6166
1930
5046
1100
7499
9698
2737
7040
2784
9275
9848
1734
7181
9203
2190
8306
5043
8874
2985
2635
1462
6012
1551
6102
1478
2526
1131
4082
8284
2466
5008
6478
3020
3427
2767
4710
8766
5250
5018
6125
9021
7103
6530
2480
2151
3824
3970
2444
1208
0350
6756
2166
2323
6740
8855
7721
3366
1682
0417
4952
5789
4731
4319
1539
3239
7463
0008
6007
8168
2248
7880
7457
3380
4609
4078
4006
3092
4998
6441
2039
7104
7850
6694
6262
3460
6605
5363
0826
0581
0572
1299
8698
0694
4096
7405
0375
7895
9914
3747
8370
5233
8808
3753
0318
8081
2411
0950
3778
0214
8981
5243
5675
2204
5912
2567
3855
4941
8164
0247
3623
1467
3447
7763
8914
2935
0259
1743
0311
7862
6790
9180
8247
