3626
8054
7586
0093
9833
7388
0291
0702
0218
3070
4665
8903
1121
1255
9654
1444
0483
3821
4606
3906
1799
0150
3594
5687
3647
8416
8022
2713
3831
0705
7466
0053
2855
0734
6711
5500
0430
3411
1556
7722
1674
0977
2955
0851
2487
0242
0407
4784
4492
3265
8841
9261
1175
0027
9688
1093
0619
7534
4332
0181
0970
3493
6390
4743
4608
1494
7071
9468
3899
2446
6105
0018
0270
9883
3148
8369
5259
5403
1611
7726
7436
7956
3549
8688
2220
0148
4137
0442
1311
3364
1064
1097
7478
1476
5576
7847
0011
5910
2562
0217
8898
6350
0012
5206
8502
6550
0897
4995
7131
4498
7842
2025
9263
4190
1929
7603
8647
5981
0149
2614
3881
6235
7781
3672
5775
0318
3845
4074
0307
6458
3242
7214
9830
4917
0565
3532
6191
3944
5472
4598
2875
9537
2270
5812
0107
1403
4243
8661
7798
7369
7662
7219
4335
4589
5912
4983
8785
2935
3421
5854
7133
9330
4496
8803
4855
6031
6402
3576
6887
5008
1968
0138
1979
8202
6098
1489
4050
0849
2461
8527
5556
2155
9580
1459
0863
7465
3565
4562
3638
1219
5375
9837
2067
8810
3092
2163
7862
5498
8059
3286
9006
5378
5275
8335
4901
7526
1278
7233
2154
8970
7741
5123
8483
1997
4281
6510
5148
9451
6553
3867
6448
3075
2771
6954
5895
4376
2029
9890
8895
8030
8452
2063
4156
7829
3727
8967
4349
8188
6873
7562
4524
4732
3029
8626
2800
0147
8853
9202
1193
8704
4157
7028
4645
0869
3786
2901
8685
3010
2741
8796
9089
7616
8609
9338
7181
7495
4120
0946
1758
9906
9091
7577
1306
6061
6321
9209
7539
2061
7122
0335
9726
4650
9343
8655
1485
6096
2309
9709
3406
9538
8058
7789
0356
7986
8568
4509
6213
5939
9067
0100
8057
8752
3890
5660
7337
9641
2944
3268
3911
3772
9336
6409
9154
1932
2286
2636
8764
6940
8496
5738
1787
6872
4194
5760
7421
0995
1545
2856
5471
8829
0088
0309
5430
7374
6465
2558
2095
2316
1847
2096
3872
4077
8313
9904
2536
7126
7145
1564
5110
2703
6424
8696
5106
7770
2187
0319
6512
3289
6567
8475
3773
9556
2394
0353
5679
0741
6976
7810
6166
1930
5046
1100
7499
9698
2737
7040
2784
9275
9848
1734
7181
9203
2190
8306
5043
8874
2985
2635
1462
6012
1551
6102
1478
2526
1131
4082
8284
2466
5008
6478
3020
3427
2767
4710
8766
5250
5018
6125
9021
7103
6530
2480
2151
3824
3970
2444
1208
0350
6756
2166
2323
6740
8855
7721
3366
1682
0417
4952
5789
4731
4319
1539
3239
7463
0008
6007
8168
2248
7880
7457
3380
4609
4078
4006
3092
4998
6441
2039
7104
7850
6694
6262
3460
6605
5363
0826
0581
0572
1299
8698
0694
4096
7405
0375
7895
9914
3747
8370
5233
8808
3753
0318
8081
2411
0950
3778
0214
8981
5243
5675
2204
5912
2567
3855
4941
8164
0247
3623
1467
3447
7763
8914
2935
0259
1743
0311
7862
6790
9180
8247
3614
2293
9803
4338
5755
5508
0075
3111
6133
9019
1191
9448
9380
8018
6863
1840
5689
9381
7489
6632
0642
2055
5184
8673
3750
4411
4201
2753
4241
5689
2444
5097
2725
2156
2576
5595
4219
7675
1284
8414
1887
1583
7371
4969
0902
9574
9330
3231
8746
1819
7141
7015
8739
4958
1144
0703
2073
2023
0966
6896
0252
6408
2446
9923
6367
1223
6981
5101
8721
2712
7861
8871
0590
6893
9622
0236
4484
2254
4271
5395
7297
1662
9435
3327
4344
0289
4905
2816
5926
4229
4006
8029
7558
2955
3342
5371
3010
3781
1884
0952
7075
6588
8879
3928
9702
2418
4441
3970
6849
0324
1666
6544
0380
9738
7371
9503
4034
6796
7059
2288
3421
0855
6585
0776
5041
4137
2442
7114
9257
0179
1342
2967
3609
1815
9425
3727
1209
9316
9792
5341
2326
7214
2464
4304
1858
8547
1106
7229
4213
6164
8089
0821
4898
6375
3490
7102
6945
8620
7590
2339
0522
7347
2661
8520
6040
1548
4679
4614
1569
1139
2564
4355
0629
9184
7879
2759
8323
7077
1467
8627
0703
2223
4133
8633
0853
4042
7143
0750
0710
9468
1566
8074
0576
0337
2899
6948
0299
0243
4314
6251
5286
4805
6837
8947
6309
8694
2157
4212
7419
6353
3930
5313
9058
9930
8310
8424
4064
2395
8235
1506
1558
8337
2054
2492
1880
0513
9942
9621
5226
2273
1001
9777
0892
2214
0874
8883
5169
9582
1888
1369
7359
0857
5201
2139
6566
0221
2084
3694
8915
8104
2308
2253
0383
1137
8641
8932
3028
3322
5170
1957
2834
8974
3314
1191
2949
7184
8763
0892
6431
4811
2728
1027
7251
4696
0612
8843
3162
1671
9815
4833
1148
0506
2016
9827
7065
1668
5778
3752
0791
1225
0157
4028
3956
8419
9640
0365
8119
3499
9561
3834
1665
0126
1375
6874
3178
0560
5293
6697
7006
6310
5307
5279
7305
1156
0716
7991
3197
1640
7367
4393
0539
7958
0551
4392
1602
1312
1968
8345
4154
6942
8097
9661
2737
7671
6913
1232
3912
3179
0888
2749
3283
5897
9101
0974
5998
4914
7338
5883
2281
7951
2570
1134
5867
9698
9070
5299
4727
5520
8136
9293
3316
0349
3675
4140
1126
3700
1702
8201
1310
5625
7767
3589
3953
6994
3619
3645
7639
5520
3995
3782
2818
2713
6149
3293
9405
8846
5060
0177
6840
0045
6727
6807
9295
5625
7322
8891
7135
8699
3608
2186
7596
5612
4914
4455
4938
1946
8702
6314
8060
4026
4717
7907
7852
9282
7414
0041
2616
8418
5039
1010
7565
0584
1350
7117
3607
9642
8389
1193
3706
1960
9737
7671
1397
1945
7741
7658
3810
3209
9836
7686
4413
1997
6730
1020
9283
6840
9623
7919
4274
5429
5821
7722
9152
3689
0373
1514
3112
4118
5470
9388
1439
0471
7257
8775
7125
8440
4976
5547
6073
9527
0497
6705
8608
4468
2169
2888
6983
0117
0579
8003
9946
0402
2146
8095
3595
7635
9563
6605
2220
4945
2822
4725
2660
2984
1025
5986
5911
5140
2890
7572
9324
1241
2173
9849
2361
9891
4556
5462
4816
0951
6503
0194
5128
7655
0142
0649
1327
2971
5485
2282
2367
3857
6553
4750
7938
1655
7449
9724
7985
0549
4324
9023
2151
3611
6713
0568
9832
0654
7704
4442
8972
0022
3511
1103
8283
3399
7623
3864
6797
8835
4729
5141
6383
7590
2910
8434
6146
9908
3274
4959
3772
8643
8688
3908
4143
9710
2629
1870
9113
3249
5171
6367
6105
1262
7569
0630
4209
0689
9937
7868
6729
9594
2688
9586
2460
7230
8689
2309
5356
4819
5790
5240
7904
5226
0690
7897
8702
2470
7482
8577
3324
8463
4343
0795
5926
8515
6675
7680
9331
1569
4262
9029
3804
1382
6193
8656
3758
7698
9247
9833
0760
7128
1871
6817
7322
6152
0596
8290
8652
7536
5548
3577
3213
3259
3189
4867
1977
5755
6066
1947
3199
2517
8496
9671
1395
5866
2470
4896
1283
2350
4373
5067
6492
0895
3715
8419
7308
1126
8410
7357
3403
8986
3983
2178
0324
8359
0705
8951
0679
7440
3757
7220
6608
4783
5713
8290
8012
7100
7754
5540
7895
6553
7353
2447
2499
0540
2760
9846
9523
5252
6576
4338
2797
9241
7698
7164
4467
9823
6120
2480
6746
7880
3988
9347
0807
5776
3971
2898
0510
2825
5854
9974
3176
3647
5142
6436
2998
1271
3320
9588
3381
3357
7564
4829
1975
4367
6863
2359
0838
1391
3388
1431
1628
9375
1775
6567
7710
5597
0359
9973
4270
2699
6846
8422
8590
7890
5941
7390
4519
5300
0137
7053
9724
9891
0986
0864
9833
5207
3431
5548
6013
5560
3507
8522
5219
6123
7754
2243
9758
9762
0131
1045
4042
1757
5089
6360
6735
0726
1892
3121
4053
6413
3015
1352
1773
6812
9576
8738
7030
8637
8898
2547
7080
7543
4974
9738
1871
3834
6635
0421
6463
3646
9016
6192
9062
3879
8258
5018
8367
8009
4606
4540
7973
1504
6920
8183
9520
8174
2454
7136
9768
6574
4948
5145
1175
9996
3407
6893
9024
6230
2090
8442
0468
8592
7620
1623
3248
4574
2821
5859
4894
5903
7739
1755
2693
0079
7222
2549
5156
2711
5863
8092
3981
2278
8731
2444
9148
7793
6153
5996
0662
4567
5370
5085
3393
0456
7473
6162
4005
4746
1693
2916
7822
3144
6970
8053
5031
0560
2815
0936
1647
6008
2812
9070
1109
2134
8244
3752
5101
5748
0088
7013
8836
4187
1372
7180
7753
3463
7847
2666
8072
9408
5734
6975
7021
8484
0681
8946
9313
1015
5856
8654
5372
7279
5441
9188
8746
0960
1863
4689
0176
5644
9370
9097
1570
0036
2470
7396
0098
8804
2102
5565
3995
5526
1609
7860
7805
2680
4643
7424
5550
1162
6247
5123
3603
2109
7562
7144
1452
8427
1555
5115
6696
1500
3214
1791
5201
5090
0754
3844
6039
1027
0926
7477
4081
2663
9778
3245
7962
1594
4153
7298
5831
2813
8329
5402
5511
9622
1615
9838
4648
9343
3106
7658
1264
1808
5378
1953
6347
2901
9870
2730
7182
7567
7665
4342
7197
5434
2664
2358
8778
7945
5375
4272
3994
9768
2892
2033
1490
5162
1314
8002
6330
2428
9076
7500
8218
3992
5411
9754
8736
7785
5236
5867
3184
8055
7955
4530
7883
8133
4106
4347
5043
6813
8060
8221
5653
4095
0334
9413
3793
5725
7101
3594
2577
5871
2059
3277
1604
5014
6959
4501
3792
5036
4978
0234
6471
0779
0404
0711
6540
8497
1390
9875
4399
8754
5423
9381
4258
2124
0509
0622
3250
1425
7890
8232
0463
6374
7234
7863
9742
0425
6238
5496
2125
5878
4991
6121
8654
4281
2038
8995
2973
5158
0715
3037
0230
1094
5710
3624
5386
7253
8507
6180
1554
8847
9527
7926
3038
5252
2059
5864
4256
9864
1345
0840
5281
5987
1276
3195
9163
6507
7517
7578
9710
5981
7716
8387
3036
9015
3720
2987
4730
3906
2592
7284
9055
8793
9483
8567
2346
9179
6327
9680
7574
2099
9658
7337
5998
8987
1197
6287
1943
9192
3315
7964
9174
2842
9911
2981
8799
2725
5817
5352
9864
2057
8654
2348
9388
8162
4659
6856
9787
3380
0908
5424
0502
5773
3526
8282
4491
7032
0614
9937
6296
7139
6318
6331
2990
8562
0969
1091
9823
8934
0094
8018
4276
3501
0769
9739
5253
8674
7219
6407
6784
9841
4488
3690
4492
0039
3871
0591
2658
8896
4611
7834
4859
5352
2788
4327
9908
7089
0423
9404
5597
7629
1301
2583
6284
4459
6083
7679
3983
5305
8043
2716
3181
9383
5405
9201
1944
5355
4163
0745
1076
2105
3576
2879
9360
5690
9617
8924
2400
5098
6983
0971
2907
7414
6749
5049
4055
2921
3614
4562
7430
4073
1305
5979
1497
1086
6398
9215
0820
6063
2649
0043
1243
4723
9197
9378
9130
4522
2065
0500
4948
6311
0844
6454
5260
0326
2477
7033
0762
1499
8418
1604
9906
5276
6105
4284
3074
5279
7199
5254
5634
7529
3627
8027
6583
0814
0699
2914
8888
2006
7828
5625
3463
0813
1375
5769
4044
8807
6477
6637
5197
3589
5864
6218
1224
5135
5587
7065
9716
7338
3897
9034
7694
4794
5842
4062
4038
1814
1113
6516
6248
5155
3462
5557
3950
7331
5012
7306
0245
0301
2948
0428
2625
4271
2648
6850
1902
4392
6733
3908
2955
0450
0652
9939
8648
5799
1622
5262
0910
2765
2671
0952
7751
8432
2768
8298
6459
4747
8282
8665
5279
4184
7929
1546
9015
7185
5035
3665
5627
3828
8611
3903
1243
1159
5386
5063
7324
0902
3805
8922
4741
7343
6293
6071
7733
3025
6788
4536
2481
1664
9410
0866
0308
7270
9414
5273
2669
6213
0197
3145
1647
8273
4529
3472
0459
0767
4232
3740
8104
1483
2874
7346
7383
1494
1945
9656
4209
3446
5821
9491
2411
9380
0048
1510
7512
3685
5662
2116
7211
4169
5826
9478
1849
8789
0245
2891
0967
3429
2382
7448
2582
0140
8241
8221
9117
5850
5977
1593
4407
6873
1775
2581
8027
2028
0681
7792
5353
4191
7799
3585
1381
7819
4580
5956
7429
6810
6836
3501
0382
2761
8903
1587
9330
4664
7631
9498
4697
5587
0481
9583
1158
2547
8666
7870
1846
4034
7872
2806
0955
6103
6354
2361
1522
5127
5159
2104
1424
4322
6785
8763
4232
2608
8075
7275
0816
4918
2842
3625
4742
6329
6256
5537
7652
4893
2892
7882
3417
9199
3225
2458
1230
3037
7021
0362
1445
8017
5537
0126
3252
7360
6652
2823
0141
8832
7404
3903
9948
6814
3058
3011
7668
9852
9641
4161
0982
2515
1159
4020
4270
1831
8651
5542
8828
7156
6689
9686
1644
5943
9944
8119
5440
9466
4935
2045
6859
2310
2338
7751
5024
2028
5050
3707
7033
0018
3612
6656
6320
3002
9693
6482
8233
4315
9959
3583
4351
4816
8395
3538
3501
2291
5624
2853
9634
5685
7380
6615
7452
0816
1132
9356
0626
6404
6492
7533
5631
4941
8105
0425
5637
7561
6714
3489
5512
2181
0669
2852
9245
6651
4155
4612
8806
0187
7515
5588
7221
7593
8303
6275
6197
4393
7404
9910
7548
4897
0853
9468
1806
0989
8518
6752
5229
2934
4186
3699
8042
9288
6564
2871
6936
9145
4326
2009
9102
7091
3693
1264
7099
0124
5752
6923
7918
0587
0611
1513
6092
0124
5439
6772
8366
8216
9688
3840
2533
5752
3079
3042
5146
7798
7841
1736
7322
5732
9509
3949
6900
5341
9048
5448
3415
9232
6643
7159
9840
8233
3549
0941
8158
6215
6476
5052
8677
9494
9632
7118
4553
2168
8669
5018
9462
4848
7380
1959
1641
8868
4234
5893
0044
8211
3843
9684
7217
6783
7296
0243
3261
5103
6568
1156
5900
6756
1883
8410
9518
4529
4804
1984
5442
2858
5620
6215
2525
9870
7356
8726
0945
4297
7404
3397
4646
1325
9470
8097
1878
4412
3615
1423
3947
6446
4562
4708
9280
4803
7736
1155
7243
3105
0818
1409
5022
3349
1644
6655
4130
0579
7136
0363
9248
5145
1913
9304
6766
6457
3392
6779
3652
9871
9660
9191
7186
3632
0780
9987
9528
6741
8084
6996
0563
5476
5964
6204
4712
7802
2385
5518
9713
8640
6570
9233
4652
5821
5310
6162
2469
6343
5007
5340
7838
6333
5544
5552
9452
0767
6036
4939
1648
3911
2131
0793
0138
7878
3332
7685
8330
9953
4159
9620
5727
9999
0591
1849
0329
8747
5289
0551
0722
9055
9573
4108
4200
5318
7436
7281
0904
1436
5691
9248
2070
2951
5845
2997
9334
1568
0000
0643
3441
1876
5886
0971
6979
7327
7566
7339
8959
8362
6821
3490
3163
5321
0746
1330
3017
3696
9374
4216
9630
9775
4519
0110
6058
3525
2583
0074
8941
0104
6233
8909
3222
8027
1392
3065
5907
4622
2227
5973
8396
1434
7379
3169
4081
0813
7944
5432
0485
5415
9374
5125
2459
1345
9998
7837
2484
2655
3865
4275
9263
1435
2600
5721
2733
6229
6213
0986
0003
4717
3987
6083
1952
7007
4753
6487
9247
7747
4933
4749
3314
1327
3694
8126
6751
7094
9806
0718
2900
5120
1324
4932
5318
6495
0815
4248
6197
4655
0457
8046
2111
3468
5601
6243
9077
2733
0008
6034
6935
2637
1271
9423
6089
6277
8100
2633
4112
5783
6210
9451
1946
2681
4648
7382
4212
0968
3300
1043
9456
0965
7790
9945
5690
3436
4571
5569
7665
0778
6405
7820
1327
4367
2544
8092
7158
7921
9808
8012
0220
3460
9306
0765
7926
1372
6125
2954
8826
4568
1787
7240
3879
9878
5493
9613
7155
8539
6652
1366
1278
5498
4134
1874
7313
3631
3020
8654
0424
4140
4058
2315
1809
3676
6149
5434
9774
0658
8812
9900
1630
6471
6606
0032
0342
9371
8556
8718
4298
4060
0049
4013
6008
1095
3988
7354
9928
9565
0017
9800
3189
4622
9734
5118
0103
1341
2811
0682
5836
9668
2925
6679
3207
7039
6661
9100
0946
0088
6302
4350
4648
3173
0674
4034
0105
2874
0033
3901
3691
6834
3059
1542
4226
7681
0025
6585
1949
4292
0326
5683
2709
0260
7091
5608
4149
2580
7303
2770
3653
3984
1675
6959
2660
8165
3888
7545
0785
1253
1434
6785
2868
1369
4843
5697
7947
2529
1998
1184
0853
9311
2891
0055
2044
5004
9920
1779
6070
5586
7267
0023
3034
2994
4803
6703
4086
5648
7422
5706
2686
2901
9589
8134
1515
4630
0949
5133
0203
9324
4529
2252
5446
6367
3434
3606
6421
0740
4074
3821
2330
1013
2141
0398
2581
0790
9484
9112
7285
7537
6652
4228
9312
8598
7947
5431
8920
0987
2854
2362
9388
5151
2104
7050
1272
9218
4120
0236
6346
7615
8934
1984
2741
9875
8181
0247
8769
5129
1082
5368
7012
0488
9647
6228
3425
5224
5093
9982
5594
3876
0334
4784
8093
1300
0373
3950
3639
4528
9939
7017
5277
3376
8396
5545
9927
9544
9223
3815
5056
7246
8787
4988
0999
4474
8218
7218
5415
7487
2833
8086
2344
9121
6545
4326
7728
1898
8652
3358
3563
4428
1025
6497
1150
9601
0397
3826
1318
2380
5847
5567
5435
9303
6177
2142
4486
5310
4719
7476
7938
6129
6304
8055
4418
0038
2503
4860
2058
0639
0807
3486
2392
2658
6688
9534
9323
1320
1533
2006
4417
1633
2747
5717
6360
9846
3704
3081
3177
7080
3003
4922
0694
8186
2707
3279
0824
1701
8550
9495
7763
2579
4494
2402
9441
4989
9703
4861
7420
9175
7394
5884
4186
4659
6080
1690
2172
8119
3590
0371
7603
4139
7300
0336
4933
5320
4016
7065
0918
4634
6698
5459
0218
2372
4085
1936
8842
2095
2128
1572
0723
3351
6121
8200
9846
0162
1927
4551
5663
0277
6679
7026
9587
0501
9843
1828
4369
1788
3486
3705
8399
4141
8785
3002
7131
2892
8980
4188
0926
0993
4250
8262
6404
1155
9938
0725
5019
6566
5562
2832
5464
1065
4031
1752
7379
7263
9322
7807
8816
0816
2719
7416
4398
5498
6801
9746
4015
7894
3253
6456
4125
4545
8055
4929
8675
1877
0988
0556
3419
4259
6683
4832
4919
2267
5750
0631
6752
1937
8132
6570
9622
8485
9378
0998
1931
1147
7410
4016
9314
0202
2977
2034
4431
4470
6431
0201
8858
5165
0159
8003
9466
9631
0644
0930
2737
1898
7824
2171
6319
6208
0112
8531
9601
7733
9243
8333
0677
6038
0030
6996
8958
5871
7927
2324
0818
7508
7814
0148
7085
7843
7529
2757
2724
4720
1526
7536
3463
7311
4599
9492
7332
3490
1578
1056
7007
1312
1289
3758
9899
5109
9209
3983
5352
7585
0867
5741
6474
8824
4903
8472
7788
1794
9343
2866
4093
5588
6426
2759
5609
8812
4965
8904
3940
0970
2379
5297
7528
6076
7713
1745
3379
8038
2822
8307
0936
8938
9307
0476
1434
7094
7184
0999
5179
3633
0549
5451
5597
5471
3168
9990
4116
4374
3008
9855
4260
8800
3708
8500
8718
2871
8753
4609
5377
4969
5057
5310
7531
5046
0407
7643
6740
0781
3442
6511
9160
4466
7344
2900
7467
5835
9980
5657
8096
2204
0884
9687
1950
3715
5627
0329
3581
5263
9526
8634
1879
3256
2971
5256
2369
8803
9415
1114
3513
1233
3007
4916
8333
9285
6766
1954
2543
3920
8830
8049
7360
4524
5489
0608
8625
7749
0339
7031
4955
9294
4569
5238
7176
9925
3462
8720
3375
4706
5437
5831
5887
3911
9595
6924
0050
2268
6741
8630
2130
0986
0286
5337
7382
7111
1064
8286
2996
4481
0861
3625
0076
0928
4496
2622
3817
8070
2706
1808
6989
6983
1247
7160
1862
3949
6562
6715
1103
5786
1574
7530
7370
3673
7732
0041
6853
1798
0741
3643
7473
0959
8133
2713
5854
8792
2248
7182
8818
5103
5751
2091
7792
6195
5129
5521
5370
1096
0819
6527
0066
6456
7067
5473
6903
2857
7709
8378
8225
3349
0571
3099
5820
7820
0212
4813
0539
9648
4713
1239
9317
0212
1791
4639
2188
1182
3134
9248
6963
3722
4698
4703
9477
5152
2533
9059
7423
6564
6150
9941
1399
5880
9308
7210
8277
1831
3281
9723
3427
5643
7194
2155
2910
0909
5928
1682
1120
4692
3561
4663
5054
3265
0988
0901
9762
0628
1002
1757
7550
2166
4183
2638
9591
2505
9552
7010
4629
2952
5670
7126
9158
4341
0649
8166
1446
7262
3204
8975
4966
7807
9178
5112
6475
3496
3895
0008
4471
9928
2518
7795
6658
0899
3818
7066
2468
6827
2099
8915
7609
8202
2026
6407
0166
6586
5247
9545
6378
5961
3391
7464
3341
7153
9079
8711
9519
9921
6549
8514
9516
2797
0278
9356
0447
3299
1009
9590
2426
3393
0075
2405
8633
9171
9686
2620
5869
5132
1975
3930
8068
0884
7011
1504
0765
4775
8306
0041
6054
4437
9965
8823
2109
9780
3972
2965
7442
0348
4154
1284
1594
6897
3396
5552
9078
2580
2436
7333
6401
8143
7997
2498
2418
5743
9004
8777
5783
7257
3241
4421
8308
1994
9009
2139
4102
6153
5235
7816
9243
1702
8109
1509
1116
9242
3242
7002
9837
1487
8835
1754
6066
7237
5202
0331
6982
2664
7246
6073
4995
4412
2694
6949
6367
6599
7240
6056
1197
5257
3775
4406
8343
7675
3153
8948
0605
7423
0759
8966
2516
7759
5676
0083
3014
7204
2068
9070
1131
8101
5017
8328
1144
4426
9921
5189
2287
3658
5354
2380
0448
2529
7830
1734
6612
1651
1183
8625
4609
2076
0123
5686
8464
8832
7931
4812
2587
8951
7150
8823
2484
3200
3518
8283
4550
0813
2810
0277
7800
2104
8737
6031
9035
8243
0141
6602
0392
1584
0053
4043
1913
0134
9242
8329
9328
4079
5805
1560
3779
8172
4948
5147
9677
5544
1481
5610
1049
2367
7517
1813
2515
0061
2039
0001
1852
0533
8434
0917
8129
6102
6243
2203
3971
2262
2184
6455
7612
1914
9323
3142
7510
1812
8435
9076
0289
6248
5121
1856
4158
7196
0300
7705
9166
2002
0655
0468
8267
2075
9100
8381
9721
3475
5759
3881
3410
4534
7003
9364
3140
3422
8885
6014
6152
9895
2670
0316
1813
9766
0718
5641
5203
9681
8904
7737
1276
0107
4543
8262
9146
4680
9617
4881
1512
4031
7529
5928
1675
1567
9019
5594
7330
4129
0168
8610
1477
6607
4561
4928
1923
0262
5904
3985
4135
3086
8758
7025
5275
8995
9988
8264
8579
4237
3163
4067
0212
4164
3977
7105
8548
3322
6148
2917
2737
6128
9177
1542
4649
6470
7565
3142
1399
0384
4391
4858
5234
1128
4618
8769
9787
0314
8780
5098
4708
4688
9405
6962
6368
6186
3522
7648
6360
8577
4318
8119
0182
5305
6530
3571
4798
3962
4257
3577
3485
7082
5651
0797
6375
6569
4612
1439
7432
2116
3903
4649
1577
8869
4749
1429
9406
6055
2895
4518
7875
7932
9773
4554
9775
3171
1734
2244
5226
3903
3015
6413
1880
1924
2166
7766
1658
5367
6296
2474
7764
4476
5095
3815
8495
0254
2024
6344
3231
7631
8646
9628
3692
8787
7793
0388
5343
6855
5194
6123
0367
8481
9906
0948
3007
8242
5880
6380
2196
8982
2048
1165
6384
3620
3665
6614
7909
6976
3644
3124
6275
2964
7377
0812
2145
0463
6092
1713
4603
7819
2742
7234
7161
0027
8128
3685
0660
1182
6811
5951
7231
2654
4124
6538
5824
2803
3159
7438
3605
6000
9469
8249
1888
5526
3732
4523
0167
9933
0692
9365
5931
8478
8881
1079
7800
7701
9658
6838
7589
4226
7815
3877
0524
9024
5012
6247
0825
5807
2592
8595
2259
6762
9474
1846
0786
9439
4099
1312
5078
8247
7136
2308
2294
8026
4378
7738
4158
9124
6242
5492
2988
2704
0660
6340
3439
6976
0398
2600
0791
4547
6604
3265
7341
0336
9849
1487
4677
1453
8356
0423
9491
3834
5022
0968
0571
5788
0081
7919
1645
4390
6577
9463
6426
9846
2944
9697
6747
3135
9560
0735
4154
7579
0019
8166
0215
2546
8857
5091
5995
3126
9870
3711
4168
7653
6797
1645
9838
7348
7519
8643
4855
2945
8152
8531
6806
7948
0430
6288
9858
5637
6476
1134
6836
3778
4347
7220
4711
7177
8288
5387
3482
8728
3256
3263
2312
4866
0389
2731
1641
6523
9655
8407
6558
9093
4429
2429
6544
0422
0910
8324
6707
9276
9101
4095
6297
1176
1923
0987
9341
4154
7498
7515
2561
1893
0734
4077
3843
6826
3804
3644
8248
6375
4441
7593
2158
9058
1481
9541
4006
5768
2149
3435
7406
5676
4822
5816
8928
9410
8895
5693
5549
3949
0272
3826
0932
6271
4730
1336
1202
0672
2188
5552
2614
3259
9050
3129
0175
4336
0993
7970
6188
2086
6905
2717
6984
8891
5437
7709
1757
7482
1760
4740
5337
6680
9810
0915
9958
8922
9898
6357
4195
6974
1649
6617
3222
7439
8409
4897
3362
2391
3559
6016
7301
8762
4972
1542
0487
5388
3292
7362
8921
5809
9254
3339
1845
5331
3079
5668
2541
8508
7799
6752
6973
3861
7257
4567
2652
6630
8868
2893
1031
1896
7900
6987
6206
3020
8632
9129
4824
4399
9267
3696
9164
9825
7497
2954
4895
4433
4435
2670
1821
2051
0838
0598
7445
1922
6964
9432
3375
0629
5272
5541
9005
1077
1342
4482
7427
5544
8567
6198
8627
2681
5374
4290
5876
1924
9951
9930
4631
1855
6853
5953
7934
3231
4673
8416
9065
4167
8170
7642
3806
5148
9738
1946
3804
0289
7652
8493
0365
8062
0447
2410
2421
5604
3745
1394
9003
6339
6199
6335
2245
4637
7225
6332
8870
6789
9992
9214
2318
7166
5551
1686
8155
6180
3414
8869
8082
9896
6206
9637
5661
3544
7636
6921
0824
4786
1784
0356
1773
9398
1083
7987
2907
3428
0834
2953
0681
5961
1179
1773
0850
6159
5375
7644
6243
5521
3395
6242
2149
4342
3951
5004
5959
4806
0016
4283
2092
3303
5939
3386
4919
2174
0822
4598
5491
6001
3848
4991
3607
1010
2074
3192
1308
2515
6638
6025
1125
7978
6660
5871
2919
4581
2916
6104
1949
8546
1869
5234
2206
7705
3819
8986
9233
9439
4582
7946
1377
1478
5935
8675
7655
1290
3191
3591
1500
9361
2688
4839
3311
6473
0367
1436
6624
3489
0245
0218
5875
7862
0065
1255
6636
1121
0487
0270
6890
4200
3121
2141
1151
1137
0688
4659
4723
9169
8899
2789
8653
1481
1311
3884
3134
4651
1601
6560
5314
1660
8009
5774
8688
3364
1892
1246
0885
7853
3821
4864
7588
2043
8638
9771
9279
7402
4761
4110
6294
8767
4877
8635
4285
3510
9605
1052
3517
7496
3360
8738
9273
6308
6591
1769
3779
2864
2113
1704
2495
8486
8801
6914
4161
6009
5497
6088
4549
9764
5267
3366
2970
9854
9779
0661
9139
9693
2928
5071
6798
9623
7797
5262
5893
0929
5391
6707
8582
1120
9028
2251
8279
0734
9501
3750
8921
2746
7277
5930
0409
5124
6542
0998
8983
2298
7991
6172
9919
2494
6124
7819
0565
4106
5996
7242
9934
7596
8064
2146
7739
8401
8984
0775
6259
8703
8679
8880
0520
0115
3454
1257
4671
1560
9406
7706
3745
6909
6423
7482
0084
6856
0241
4110
9684
4700
4920
2196
4040
3983
5288
4247
8160
0944
5577
0786
8874
2475
7335
7205
4479
6154
1904
7118
0771
1350
7382
0419
7770
6349
2493
8950
8028
5426
6387
4020
3150
3341
2756
8194
2771
8817
9532
4274
8090
9005
7975
4591
4830
9278
4349
9598
9480
6336
6915
7853
1037
1918
6872
9204
4836
6694
9823
3902
1790
2288
5681
9799
4246
7572
7504
7836
6703
8230
1588
7452
4248
1326
1344
3566
0298
2275
6485
5901
6938
0875
1246
5723
7393
1589
4589
3597
4349
3696
9674
7861
1318
3235
9015
5807
4932
8277
2207
5453
4214
7730
1617
5489
0138
0665
3080
9026
2660
5010
6917
3692
7791
3264
8261
5274
7169
9466
4053
1681
7600
6963
2123
0886
2609
1172
8900
2564
6271
9491
3334
2320
9286
1537
0816
8145
6320
1782
9553
8299
4455
1746
4621
8473
3225
2441
0999
1888
5189
5355
8768
1749
7859
1507
0134
1005
2407
0425
8172
9048
8686
8051
9481
8581
1265
0007
3121
0259
2390
4405
5459
9639
8229
4931
6898
7168
7038
7229
5366
9465
4777
5050
9693
3329
6019
3232
5027
0229
5711
3548
3777
6981
1407
6427
6957
9892
5409
8478
8787
5919
3195
4726
9624
2462
6573
1627
8499
0145
9544
4724
8670
7623
2859
3255
3934
5684
1224
3814
5818
6527
1799
4905
1993
8471
9647
9766
8677
7277
9984
3100
8495
1526
8870
7663
5086
6989
4449
2450
4686
2224
1727
7358
5895
5422
2653
1275
6250
8068
6502
9387
8447
5329
0658
8341
0838
9926
2229
7922
6869
8113
6938
5278
4691
4580
7017
5388
3253
9890
2756
2584
4565
0203
5924
7976
5994
3892
6819
6225
8315
7024
4079
4327
8014
8022
6091
9999
4228
5518
2493
8542
2662
4917
7323
0780
8320
4992
5799
4205
7779
0912
4642
8684
5112
4476
0743
3734
1879
9453
5047
9469
2719
4600
5977
7656
3762
5601
1582
1135
9459
6957
1571
2578
5867
3103
4335
2107
7588
4456
3175
7940
3881
7929
4323
8164
8503
2657
9691
3275
3167
1073
9781
8651
4717
8387
1924
8450
9556
1688
3942
5184
3429
8969
2077
7873
9048
1587
6614
3625
1238
6967
9839
6287
7541
1947
4626
9527
5798
0947
6472
7485
6708
9972
2655
1537
5387
6554
2566
8165
2644
0470
8671
7649
2504
4516
1732
3005
2698
0011
7010
7620
3842
5241
7591
6922
6170
0355
6969
7099
8093
1549
8510
3055
5426
3240
1575
6060
7738
8449
0594
0703
0012
7362
2014
2336
4544
0328
3889
8217
3156
0421
8997
2134
1117
5262
7857
3287
9530
4655
0087
3006
7344
4069
8575
1805
8601
9316
2579
5175
6922
2335
7350
0078
6866
2754
1101
4498
2663
7305
8540
2823
2638
7513
9049
6943
0194
8665
2276
7346
0995
0986
8320
3930
6847
5469
8047
9746
0130
9620
6477
6368
1911
0660
2365
3818
8055
6847
3167
5200
6799
3322
0634
3126
2991
9392
3754
7039
7285
4412
5359
6649
5233
6606
0691
8727
3252
5395
9871
4534
1197
9343
1720
5721
8986
7879
1461
8163
5748
4950
2610
8098
9220
6025
9306
0736
5620
0445
0766
7160
0249
9330
2512
3524
2722
5035
0902
5232
5156
1939
2169
1122
2871
9841
0241
4950
2921
4720
1372
5763
1135
8643
8673
1245
9052
8599
5958
9544
9187
4888
5407
3059
4377
1301
9813
0249
5246
1655
8696
6319
5454
5481
