3579
089
802
763
746
674
026
782
304
214
290
971
949
899
378
732
808
075
537
393
045
377
060
712
722
210
880
561
979
965
999
504
301
171
113
609
836
771
717
565
847
757
697
462
551
107
743
363
572
694
908
862
652
960
184
241
496
936
410
590
466
809
565
152
056
237
600
533
887
481
442
350
427
329
991
640
650
428
352
542
320
978
872
059
340
526
091
647
498
612
401
142
998
741
220
832
549
082
708
335
148
919
836
652
454
654
619
749
744
426
768
389
375
246
514
364
308
528
511
624
641
333
195
864
330
149
033
866
164
558
466
149
421
335
200
015
078
697
908
125
378
597
616
758
772
497
154
731
298
079
934
138
154
949
337
365
269
932
610
259
060
085
571
644
828
879
883
667
315
959
724
365
150
721
332
090
951
701
818
289
910
537
039
530
447
209
110
159
911
123
638
152
809
946
335
762
417
064
992
769
309
268
670
873
365
155
685
192
654
762
512
243
410
793
758
702
608
664
477
350
623
740
504
508
123
228
445
643
386
277
314
538
712
057
086
079
219
026
261
530
201
897
010
258
401
964
602
649
983
304
633
367
523
936
087
852
555
624
920
158
894
213
092
156
842
363
335
494
661
697
785
850
852
301
347
180
335
076
724
891
462
678
171
978
081
062
392
989
107
116
639
571
755
349
298
209
155
388
195
736
689
300
779
931
364
252
381
435
529
112
251
408
388
225
880
241
123
628
854
332
988
976
437
776
524
351
133
053
713
651
089
426
809
089
976
235
045
197
491
376
751
190
992
853
875
719
629
979
353
767
455
944
240
916
101
538
270
875
928
860
859
515
442
124
786
913
743
098
001
933
285
263
242
748
930
732
287
511
717
604
071
352
676
670
588
618
372
872
593
110
712
150
953
538
841
532
298
803
825
633
067
738
137
646
214
785
840
289
400
840
448
895
618
261
255
240
060
426
510
142
067
023
561
301
845
687
285
025
272
303
273
296
389
789
554
082
365
367
164
952
602
770
955
072
346
365
120
386
914
152
408
070
832
552
031
013
111
881
092
837
099
322
609
376
351
125
703
705
230
758
611
328
005
863
451
495
630
119
368
073
686
998
060
402
652
356
306
706
723
770
211
332
443
795
200
383
303
226
768
436
762
424
020
984
767
540
945
671
049
581
480
027
590
872
082
804
604
280
076
994
105
660
666
461
581
724
632
723
620
889
605
377
531
582
518
350
590
584
406
108
455
741
847
548
581
503
603
451
917
278
528
384
005
954
212
757
100
162
272
697
708
913
881
254
106
445
308
282
182
510
540
828
588
108
564
411
147
190
268
654
371
685
678
157
106
293
845
442
851
990
016
033
781
968
638
654
611
315
963
135
068
581
062
096
917
493
575
890
915
066
513
743
321
202
585
517
266
661
378
058
737
868
519
225
368
364
215
293
566
264
176
411
596
177
892
436
825
243
575
544
293
005
672
208
565
557
714
706
513
665
764
663
332
873
496
742
215
822
041
607
227
026
277
446
519
076
175
400
744
580
535
827
024
521
688
270
067
345
482
725
373
454
163
073
825
332
965
932
620
051
839
599
864
192
079
361
524
261
641
267
407
012
894
889
514
255
499
515
771
809
728
396
886
217
684
299
480
083
729
127
077
924
326
506
747
144
460
210
023
757
651
187
050
301
590
341
353
468
256
401
121
577
465
173
582
036
861
386
633
825
832
136
894
511
553
901
464
906
057
635
356
368
320
223
835
737
621
921
288
969
843
631
350
823
062
700
521
067
561
512
484
354
663
229
616
352
773
698
949
763
630
587
650
521
135
970
788
234
907
560
183
582
166
349
178
816
965
308
041
296
160
243
309
505
906
753
590
291
612
057
713
898
818
325
481
641
771
529
879
220
066
468
255
215
799
619
056
571
271
780
411
687
653
247
304
399
174
864
676
287
049
876
396
105
044
747
100
082
400
350
538
839
965
129
840
748
032
542
815
185
112
562
047
048
145
015
897
192
454
830
521
596
159
989
287
700
730
183
767
310
049
606
357
853
104
506
059
673
694
111
821
395
720
912
632
882
011
316
972
979
721
046
099
138
575
275
553
854
953
581
777
396
223
034
685
243
910
205
446
934
146
702
804
539
208
850
135
012
460
772
183
774
668
676
434
597
630
550
235
869
929
787
668
592
801
988
688
314
150
400
001
775
589
373
548
345
143
379
096
129
932
099
011
056
461
087
338
318
763
008
224
945
707
008
278
318
452
684
897
929
865
651
646
904
471
594
251
630
419
028
253
213
232
047
298
386
235
823
639
321
735
685
018
120
875
361
467
380
641
875
645
428
402
391
029
373
505
287
738
843
734
645
243
390
502
483
028
014
030
356
193
872
067
084
922
057
608
640
886
675
889
243
040
378
564
553
581
789
210
221
323
524
829
600
797
249
307
043
477
983
446
193
804
615
370
060
887
809
965
183
241
773
059
812
614
781
934
321
478
801
123
967
497
672
184
443
409
279
829
627
317
034
336
484
253
095
844
946
089
226
874
033
527
033
062
875
923
645
999
649
357
412
225
701
114
044
006
927
226
707
391
188
423
677
281
841
816
627
928
465
267
728
777
294
477
790
542
301
769
840
983
494
786
166
190
305
673
542
994
516
344
763
036
461
434
589
196
059
441
496
859
386
733
713
947
312
247
747
950
619
991
575
027
244
688
599
899
382
288
586
147
572
645
925
848
346
458
379
798
834
846
396
556
184
225
430
210
988
201
640
797
828
513
352
485
505
847
750
556
214
605
035
402
880
929
143
316
853
948
379
287
290
117
993
228
700
955
173
707
922
033
231
256
825
435
017
615
750
737
258
872
715
355
462
408
042
478
587
966
287
648
095
219
478
510
756
863
555
778
242
879
074
855
560
810
631
543
619
896
945
910
485
245
982
640
026
374
237
882
497
871
394
902
220
147
975
567
148
789
695
790
596
775
287
979
465
714
643
737
791
623
578
747
154
760
470
363
938
786
743
247
855
029
176
772
729
193
431
255
959
257
628
490
716
234
966
763
288
067
916
113
941
484
608
128
988
634
066
504
142
025
132
474
299
825
641
100
943
274
616
792
012
649
883
583
476
579
636
772
373
298
426
567
056
062
551
022
506
227
352
622
886
837
451
437
461
734
168
068
348
041
378
573
018
578
596
301
842
593
888
806
134
976
535
605
132
169
269
300
590
272
704
469
969
957
348
182
452
191
734
172
099
783
113
914
343
301
951
928
849
721
417
765
829
485
701
889
118
906
683
046
118
519
236
207
254
659
470
383
595
303
432
535
173
829
399
690
814
765
949
374
601
343
702
753
395
706
751
256
439
193
316
578
277
303
278
148
964
577
969
998
511
324
811
911
772
183
692
467
742
495
380
635
394
232
510
864
449
236
541
276
439
997
462
822
946
944
776
882
743
815
413
893
002
109
914
142
805
640
647
211
663
074
411
837
904
652
640
328
740
790
985
771
219
619
857
934
484
863
192
872
391
388
447
926
390
192
806
026
244
370
603
313
040
494
120
042
026
333
530
855
302
229
292
229
444
281
652
185
717
283
582
164
880
828
769
966
842
748
310
845
360
455
513
613
235
618
353
227
149
159
134
222
557
509
371
904
227
096
441
568
282
825
648
325
472
962
639
702
585
955
049
659
766
972
119
870
225
448
269
752
637
812
560
977
128
215
700
320
494
686
420
917
549
458
319
715
975
689
088
012
988
446
035
034
112
258
789
419
825
841
070
001
128
971
777
273
792
437
901
217
777
154
545
691
617
237
490
749
160
867
463
289
731
660
288
399
632
496
064
986
829
459
848
720
962
099
174
459
699
160
519
512
895
164
231
802
947
021
182
413
276
258
614
277
561
451
479
407
777
145
435
713
492
867
762
503
132
483
141
217
446
362
532
451
951
567
259
916
829
212
971
779
914
253
431
772
969
976
633
968
023
649
823
322
660
436
267
036
600
037
742
583
928
878
488
805
009
582
750
795
306
989
347
272
764
769
448
800
065
591
777
133
550
382
539
169
894
982
121
071
902
218
199
155
947
209
951
262
988
834
039
863
296
545
947
594
758
118
481
427
648
431
153
068
392
122
728
700
651
386
354
828
747
087
933
169
770
784
146
135
361
916
233
569
096
957
088
328
285
620
469
474
158
602
243
129
934
680
477
245
478
954
538
672
176
661
114
022
032
158
434
025
598
955
537
213
643
252
369
260
842
412
117
705
757
501
849
828
421
334
107
781
423
033
321
419
825
885
398
788
861
973
865
000
104
916
158
826
671
475
554
905
554
078
451
459
156
611
497
866
845
218
111
634
950
673
988
221
986
741
806
549
112
294
533
943
568
333
755
437
449
537
281
739
500
005
475
283
797
149
717
679
104
200
563
960
871
565
096
314
018
866
325
549
390
610
984
884
942
083
056
482
548
560
800
250
984
910
933
169
778
650
505
540
330
138
637
163
570
548
973
596
341
334
181
632
901
416
251
100
451
849
977
009
562
067
465
672
818
414
958
061
437
728
018
691
021
243
009
265
619
857
169
363
857
126
484
364
575
474
573
287
877
794
425
628
872
359
722
785
009
130
597
603
941
240
621
137
069
377
922
724
283
757
814
313
626
290
269
529
921
028
750
644
735
133
126
403
525
065
277
304
996
710
899
819
687
340
848
308
106
853
812
244
567
846
009
855
227
891
818
223
872
498
536
406
476
075
422
781
261
652
776
349
815
387
725
726
511
421
245
932
392
188
253
573
132
761
141
927
205
576
933
746
929
408
705
945
156
647
754
617
109
745
329
635
189
031
302
736
793
941
801
630
079
034
524
506
664
691
588
720
880
784
216
307
829
999
568
807
728
767
822
953
149
621
605
256
435
166
807
188
275
023
702
447
159
465
486
305
148
977
020
586
242
920
146
318
192
365
075
105
298
390
167
920
852
577
935
661
533
275
419
300
060
720
262
313
374
417
419
155
110
861
223
204
759
784
644
644
364
305
574
907
841
878
879
426
747
738
370
070
711
637
475
241
850
198
968
525
590
094
917
137
274
501
711
526
790
049
322
736
890
053
778
108
870
575
124
803
404
072
886
094
304
143
959
815
675
044
232
205
904
387
893
262
416
841
565
281
617
143
638
999
275
419
751
206
476
406
347
917
506
370
583
699
550
982
169
888
444
416
682
309
175
352
319
069
953
777
298
415
364
234
980
050
719
331
720
198
327
504
172
938
353
025
800
372
791
226
518
755
726
983
757
041
642
882
751
010
801
352
414
415
418
377
603
591
465
169
911
766
135
611
286
527
228
206
642
373
987
499
352
608
181
199
935
653
471
257
379
762
438
042
189
377
876
867
755
671
072
644
042
334
656
353
251
104
500
352
486
975
011
748
047
280
584
775
063
767
136
177
134
040
499
492
068
088
610
573
002
107
590
353
902
499
396
699
109
462
693
108
862
362
693
527
774
145
731
874
181
731
082
941
451
204
351
324
273
840
580
342
477
543
911
309
489
955
869
139
877
564
340
839
140
209
358
461
047
022
367
077
591
769
092
902
770
809
882
916
398
867
303
776
065
172
656
232
416
237
578
392
615
042
754
461
680
159
825
193
637
919
063
457
470
475
395
306
219
537
653
681
624
099
003
953
552
574
569
187
829
429
178
228
021
910
827
389
384
783
691
646
660
248
609
478
016
252
353
063
122
194
821
862
855
512
264
281
300
953
500
297
854
882
728
895
215
844
402
705
578
390
396
627
752
696
348
045
592
160
842
566
282
500
360
865
962
353
386
079
898
087
931
519
032
388
794
744
618
750
284
901
794
014
364
238
380
238
033
084
002
663
610
279
562
822
396
224
205
681
332
901
968
285
067
854
187
499
778
378
265
181
647
564
788
952
931
454
292
332
499
470
172
549
091
555
895
324
222
440
364
386
249
139
992
215
120
158
503
211
757
669
688
706
675
985
378
690
589
089
974
653
296
887
043
394
781
533
518
369
913
941
742
705
915
075
588
414
173
934
651
674
762
819
013
895
111
504
631
405
722
596
183
923
418
342
097
755
573
510
226
547
606
930
323
204
924
580
585
669
399
014
473
207
230
301
677
413
374
519
176
557
535
367
493
647
020
114
644
247
246
559
176
615
530
088
520
471
488
686
392
284
253
185
401
965
913
437
244
820
137
389
166
719
825
191
592
667
235
953
216
958
565
265
499
409
317
610
023
288
630
628
159
873
459
371
246
686
081
142
028
318
127
536
367
986
347
793
323
535
059
260
068
965
274
047
922
077
049
421
716
419
202
872
920
952
743
279
715
661
996
571
324
813
356
369
977
400
833
853
247
671
535
071
173
956
992
345
015
632
515
672
204
958
220
635
325
841
717
252
602
038
067
723
062
023
674
884
557
884
366
474
362
034
330
737
539
743
987
920
080
631
878
916
133
168
623
066
429
983
159
165
893
767
003
569
488
964
456
453
870
118
094
314
590
172
868
470
864
820
010
202
838
514
148
101
791
457
730
064
790
535
213
133
770
232
451
967
963
271
571
015
157
885
639
580
410
943
276
243
861
707
886
891
967
056
128
722
346
216
781
854
592
891
247
532
537
411
728
280
629
568
603
197
293
173
887
424
173
156
619
147
036
986
279
356
577
785
431
660
423
356
484
027
290
438
973
893
294
047
028
322
546
499
493
117
853
381
295
959
310
531
603
893
139
363
846
760
641
607
419
602
139
431
972
640
517
224
143
037
437
498
077
690
487
848
736
699
230
336
879
096
296
660
086
956
767
065
349
539
155
296
235
773
284
675
283
359
393
395
188
831
184
913
801
470
541
022
962
962
605
887
601
690
693
369
093
488
446
708
327
541
157
574
662
616
938
086
617
573
656
987
231
863
491
899
798
301
356
588
848
194
387
177
454
642
699
078
093
916
482
219
431
993
806
897
674
104
777
276
924
821
839
994
734
467
440
672
679
332
894
641
073
268
541
914
781
464
334
175
755
456
886
409
783
737
957
133
386
754
346
138
109
834
216
754
198
277
822
257
901
668
880
312
677
715
500
799
826
091
897
422
852
779
077
395
454
766
958
044
521
867
150
882
181
317
991
116
980
445
856
519
812
450
864
855
918
048
639
144
994
531
917
198
626
053
406
486
045
359
087
233
503
921
889
856
980
183
182
622
880
330
798
811
073
334
136
013
977
194
296
465
828
817
208
795
775
333
392
784
300
763
926
054
096
215
151
275
501
047
720
645
775
920
364
956
575
385
530
348
425
071
647
401
284
925
504
079
138
142
024
462
758
219
341
606
929
934
402
225
677
190
218
996
743
582
021
388
704
374
281
606
849
912
540
563
706
182
236
318
574
864
101
389
166
038
639
240
235
353
637
764
336
409
492
331
437
026
275
654
703
986
130
869
472
895
906
110
191
691
572
636
541
974
120
177
700
021
511
798
479
217
498
300
577
636
226
582
492
240
600
816
782
598
088
873
346
035
886
829
723
475
820
301
532
944
060
205
162
016
551
518
089
543
405
592
308
462
346
544
990
704
056
242
884
777
920
318
189
750
292
958
348
335
182
115
834
613
175
283
639
384
417
521
689
062
553
186
058
842
379
284
004
564
058
180
206
942
295
558
876
481
066
953
456
571
033
556
287
653
335
273
878
130
854
892
609
832
342
058
116
021
349
478
451
019
735
728
572
524
482
160
856
251
653
723
408
476
608
142
416
405
684
859
570
795
836
573
314
928
121
105
110
786
064
081
911
716
831
250
825
306
014
506
851
360
809
978
584
841
693
588
048
606
387
559
416
126
719
915
102
551
493
859
341
067
637
795
951
986
158
902
326
064
030
101
478
531
850
894
429
565
146
670
455
309
319
446
742
002
890
530
449
668
269
922
767
571
663
494
496
031
794
069
665
941
566
488
046
604
924
343
936
783
765
226
510
925
056
394
182
428
697
068
155
814
491
730
183
192
416
068
500
366
538
673
228
654
814
379
197
886
318
797
626
940
117
434
133
704
588
146
265
869
985
003
557
210
097
281
302
225
762
993
957
824
303
217
388
422
321
562
278
645
067
996
623
541
517
722
099
551
335
495
870
682
702
869
177
995
947
538
602
682
699
271
256
572
406
