1234
089
802
763
746
674
026
782
304
214
290
971
949
899
378
732
808
075
537
393
045
377
060
712
722
210
880
561
979
965
999
504
301
171
113
609
836
771
717
565
847
757
697
462
551
107
743
363
572
694
908
862
652
960
184
241
496
936
410
590
466
809
565
152
056
237
600
533
887
481
442
350
427
329
991
640
650
428
352
542
320
978
872
059
340
526
091
647
498
612
401
142
998
741
220
832
549
082
708
335
148
919
836
652
454
654
619
749
744
426
768
389
375
246
514
364
308
528
511
624
641
333
195
864
330
149
033
866
164
558
466
149
421
335
200
015
078
697
908
125
378
597
616
758
772
497
154
731
298
079
934
138
154
949
337
365
269
932
610
259
060
085
571
644
828
879
883
667
315
959
724
365
150
721
332
090
951
701
818
289
910
537
039
530
447
209
110
159
911
123
638
152
809
946
335
762
417
064
992
769
309
268
670
873
365
155
685
192
654
762
512
243
410
793
758
702
608
664
477
350
623
740
504
508
123
228
445
643
386
277
314
538
712
057
086
079
219
026
261
530
201
897
010
258
401
964
602
649
983
304
633
367
523
936
087
852
555
624
920
158
894
213
092
156
842
363
335
494
661
697
785
850
852
301
347
180
335
076
724
891
462
678
171
978
081
062
392
989
107
116
639
571
755
349
298
209
155
388
195
736
689
300
779
931
364
252
381
435
529
112
251
408
388
225
880
241
123
628
854
332
988
976
437
776
524
351
133
053
713
651
089
426
809
089
976
235
045
197
491
376
751
190
992
853
875
719
629
979
353
767
455
944
240
916
101
538
270
875
928
860
859
515
442
124
786
913
743
098
001
933
285
263
242
748
930
732
287
511
717
604
071
352
676
670
588
618
372
872
593
110
712
150
953
538
841
532
298
803
825
633
067
738
137
646
214
785
840
289
400
840
448
895
618
261
255
240
060
426
510
142
067
023
561
301
845
687
285
025
272
303
273
296
389
789
554
082
365
367
164
952
602
770
955
072
346
365
120
386
914
152
408
070
832
552
031
013
111
881
092
837
099
322
609
376
351
125
703
705
230
758
611
328
005
863
451
495
630
119
368
073
686
998
060
402
652
356
306
706
723
770
211
332
443
795
200
383
303
226
768
436
762
424
020
984
767
540
945
671
049
581
480
027
590
872
082
804
604
280
076
994
105
660
666
461
581
724
632
723
620
889
605
377
531
582
518
350
590
584
406
108
455
741
847
548
581
503
603
451
917
278
528
384
005
954
212
757
100
162
272
697
708
913
881
254
106
445
308
282
182
510
540
828
588
108
564
411
147
190
268
654
371
685
678
157
106
293
845
442
851
990
016
033
781
968
638
654
611
315
963
135
068
581
062
096
917
493
575
890
915
066
513
743
321
202
585
517
266
661
378
058
737
868
519
225
368
364
215
293
566
264
176
411
596
177
892
436
825
243
575
544
293
005
672
208
565
557
714
706
513
665
764
663
332
873
496
742
215
822
041
607
227
026
277
446
519
076
175
400
744
580
535
827
024
521
688
270
067
345
482
725
373
454
163
073
825
332
965
932
620
051
839
599
864
192
079
361
524
261
641
267
407
012
894
889
514
255
499
515
771
809
728
396
886
217
684
299
480
083
729
127
077
924
326
506
747
144
460
210
023
757
651
187
050
301
590
341
353
468
256
401
121
577
465
173
582
036
861
386
633
825
832
136
894
511
553
901
464
906
057
635
356
368
320
223
835
737
621
921
288
969
843
631
350
823
062
700
521
067
561
512
484
354
663
229
616
352
773
698
949
763
630
587
650
521
135
970
788
234
907
560
183
582
166
349
178
816
965
308
041
296
160
243
309
505
906
753
590
291
612
057
713
898
818
325
481
641
771
529
879
220
066
468
255
215
799
619
056
571
271
780
411
687
653
247
304
399
174
864
676
287
049
876
396
105
044
747
100
082
400
350
538
839
965
129
840
748
032
542
815
185
112
562
047
048
145
015
897
192
454
830
521
596
159
989
287
700
730
183
767
310
049
606
357
853
104
506
059
673
694
111
821
395
720
912
632
882
011
316
972
979
721
046
099
138
575
275
553
854
953
581
777
396
223
034
685
243
910
205
446
934
146
702
804
539
208
850
135
012
460
772
183
774
668
676
434
597
630
550
235
869
929
787
668
592
801
988
688
314
150
400
001
775
589
373
548
345
143
379
096
129
932
099
011
056
461
087
338
318
763
008
224
945
707
008
278
318
452
684
897
929
865
651
646
904
471
594
251
630
419
028
253
213
232
047
298
386
235
823
639
321
735
685
018
120
875
361
467
380
641
875
645
428
402
391
029
373
505
287
738
843
734
645
243
390
502
483
028
014
030
356
193
872
067
084
922
057
608
640
886
675
889
243
040
378
564
553
581
789
210
221
323
524
829
600
797
249
307
043
477
983
446
193
804
615
370
060
887
809
965
183
241
773
059
812
614
781
934
321
478
801
123
967
497
672
184
443
409
279
829
627
317
034
336
484
253
095
844
946
089
226
874
033
527
033
062
875
923
645
999
649
357
412
225
701
114
044
006
927
226
707
391
188
423
677
281
841
816
627
928
465
267
728
777
294
477
790
542
301
769
840
983
494
786
166
190
305
673
542
994
516
344
763
036
461
434
589
196
059
441
496
859
386
733
713
947
312
247
747
950
619
991
575
027
244
688
599
899
382
288
586
147
572
645
925
848
346
458
379
798
834
846
396
556
184
225
430
210
988
201
640
797
828
513
352
485
505
847
750
556
214
605
035
402
880
929
143
316
853
948
379
287
290
117
993
228
