3655
7718
7541
6606
8198
7454
1847
9358
1149
4433
5640
7639
3471
8863
1734
6954
5336
2679
1269
0111
1184
1459
4424
7373
3434
8149
9106
5978
6656
6933
1466
2831
1927
4293
7426
4229
8889
8740
2550
7169
8400
1134
2700
9113
1720
3050
0781
0646
2148
7885
2848
4676
4495
0032
3033
8340
8796
3894
8439
7845
1367
7921
6519
9198
6877
1221
2599
7138
1079
6071
5158
6821
3841
6419
9619
0388
7297
0965
2227
2024
1412
2853
5144
8110
9994
9661
9690
9233
6485
8612
4240
5192
3308
8778
6983
3606
8485
0439
8876
5535
2798
0368
9806
4658
6128
1534
6757
0782
1987
9440
4145
8330
6293
1207
8103
2639
2161
6009
0410
8443
7307
6547
7957
8368
4091
2799
1604
4177
2644
6467
2186
6696
7276
2389
3660
9854
9649
3851
5128
2584
5052
7142
4207
9164
5521
0360
6813
4745
2662
7895
0433
3341
5998
0123
3396
2632
6051
9168
7842
7229
4017
1364
8876
0855
1519
3609
9851
2224
3535
0518
4760
8804
9381
9105
6097
6692
0698
9578
4161
2646
1787
9197
9673
8683
8950
4654
6455
8224
9118
7649
8601
6142
1076
1911
5822
5708
4365
1448
4231
1544
1745
2477
1959
1413
7450
5083
8473
5258
4346
5585
2615
8642
0286
1644
0277
6942
2743
5636
4710
6543
5513
7150
0071
6426
9453
0146
7441
3127
9450
6174
9141
3455
1273
1176
9495
9257
7728
2840
4241
7146
8707
1776
5038
6021
1695
9391
1223
6927
3080
2741
3850
3668
4048
3252
3186
7169
4538
0510
4470
8851
6282
6941
4317
8333
8462
0693
9562
1800
3007
2332
4961
9742
2204
1673
8322
0297
3614
9720
9890
2026
7363
3347
1250
7301
0448
2020
1975
9693
6064
7071
1287
0067
6207
3693
0284
6384
1911
3730
3207
7588
5622
2384
3525
9250
9689
9025
1951
6666
2883
1967
0062
8448
3263
9856
2556
9949
5773
6290
0744
0306
5764
3462
2499
1977
1243
1776
4643
7703
2506
5215
1610
2672
5223
4878
6905
0223
8133
9674
7883
3416
5528
1774
0737
6605
3274
7032
4198
7225
7114
8805
8330
8576
3880
2857
4531
9099
4726
2472
6796
7110
5317
8116
7876
0172
3601
9331
1356
7990
3518
5623
1027
2872
6569
5790
5222
3874
0238
7963
3292
2023
8825
4220
1091
4735
5123
0669
7401
0385
3156
4497
9754
6694
8186
8839
7861
7905
3028
8835
2853
2419
5438
9788
3515
9638
4328
1186
2765
0387
2485
8569
7574
9448
2507
5811
5813
6773
5316
9986
3178
4704
1305
7514
8464
2547
2834
7796
1945
4965
5470
7218
9508
1340
5213
8596
0348
4777
3757
1408
7801
3313
3527
7298
8472
0087
7611
7991
7754
3596
2591
2551
3047
3081
2755
7771
7240
7497
2624
2270
1892
7758
1006
5310
6281
4925
5705
5147
6892
7627
4050
1790
9140
2489
5298
6294
6893
4768
9053
4643
1880
3108
2989
5328
9966
2682
3638
8421
5911
8403
8330
3310
5992
5454
1436
4711
1236
0420
3697
2158
6035
6576
7785
9486
0446
7997
6710
2161
7914
7352
4140
9985
8519
4775
9713
1914
8912
1193
8218
4856
7935
3927
0320
7678
2129
0502
9687
9442
9767
8265
7961
5695
0673
9848
5628
9853
0968
7048
0104
2783
7571
0880
8558
6310
8389
8947
3505
6239
0370
1714
8573
7744
1867
1014
8190
4376
5561
1264
3697
2457
5830
8734
2788
6229
3233
8909
8437
5672
2692
9017
9722
0074
2094
1550
9866
0733
3804
2806
8086
2282
7710
