665.67
608.11
326.06
243.02
027.68
432.09
583.57
816.73
939.50
873.73
118.85
927.71
774.91
737.47
857.78
018.86
141.23
509.45
572.11
987.79
149.61
056.72
560.66
593.85
003.57
226.87
029.45
383.62
341.58
759.33
773.41
210.00
752.92
737.93
559.06
619.93
602.20
361.71
261.30
816.74
896.46
402.62
818.69
023.28
995.24
568.41
951.79
298.21
760.25
064.23
360.91
120.06
281.89
056.66
415.15
486.13
453.67
168.76
912.32
843.01
667.79
840.86
990.61
783.04
297.84
221.84
665.75
983.06
681.89
582.66
760.32
155.76
347.96
360.02
151.83
980.60
746.14
273.22
608.94
700.53
797.09
550.93
788.94
028.10
378.86
351.98
414.62
289.54
789.66
164.09
212.11
933.00
637.10
946.93
281.59
712.59
556.01
055.17
830.73
426.44
387.51
755.45
568.87
461.99
060.77
223.24
716.48
094.52
876.89
596.73
553.06
163.21
511.39
372.41
431.28
470.52
051.40
487.62
848.32
613.44
344.79
505.98
613.89
814.34
398.57
837.68
679.00
210.98
600.54
684.70
791.23
804.25
371.13
750.61
942.65
546.13
768.19
917.05
761.05
976.60
706.53
031.67
039.09
924.41
631.02
616.97
141.35
221.90
957.93
146.39
117.06
827.01
252.54
625.88
657.32
962.39
166.71
560.06
853.41
309.34
856.51
788.41
972.75
702.23
573.11
344.29
668.17
155.98
758.12
550.80
976.23
248.52
984.03
617.83
767.20
902.52
247.04
461.09
419.88
012.76
967.91
402.18
283.26
319.82
561.85
322.51
924.40
489.39
559.34
047.76
527.50
041.81
077.68
048.87
333.77
401.02
377.32
640.46
098.66
099.91
672.96
278.10
642.12
337.22
409.18
743.29
407.10
802.24
918.26
441.97
711.20
546.66
889.55
083.12
554.19
082.66
347.69
185.76
767.64
371.42
082.16
017.76
527.68
817.61
208.20
318.30
263.45
144.34
797.28
990.51
975.03
086.97
871.44
242.33
587.38
463.22
212.65
263.52
115.65
538.65
573.68
939.26
133.38
133.38
577.48
534.16
411.46
581.23
541.16
164.30
687.21
720.08
688.10
062.56
939.77
702.02
453.67
734.79
781.08
480.61
822.25
237.32
837.16
374.62
876.51
889.02
278.88
791.74
621.12
620.57
216.22
751.53
612.98
561.89
378.53
790.68
667.01
069.13
569.63
475.60
997.95
182.35
662.10
625.69
910.94
979.19
294.94
383.18
918.06
706.67
219.69
172.05
478.70
331.20
420.87
950.73
309.05
191.36
313.49
546.24
570.41
636.85
730.03
979.28
188.93
860.43
750.53
247.02
513.14
292.32
009.61
069.95
703.18
279.18
964.03
514.18
779.87
352.79
897.02
193.35
116.31
292.07
713.41
467.04
905.75
920.20
127.31
647.10
740.60
405.32
586.07
605.81
871.63
717.19
801.38
711.43
326.77
100.84
453.28
849.63
333.93
497.92
537.59
466.22
684.77
300.73
593.38
750.55
229.01
531.29
435.71
378.93
848.80
939.68
988.74
176.29
869.89
056.03
294.43
389.41
384.90
021.67
542.53
205.35
969.36
055.57
802.30
459.34
984.15
220.21
138.69
860.85
291.03
154.91
212.49
243.67
173.95
387.27
062.57
210.91
566.42
650.18
145.36
482.49
194.18
779.92
786.32
460.84
995.42
965.36
086.80
435.64
670.50
981.26
059.22
967.02
212.90
248.34
865.19
141.24
376.47
844.75
687.59
414.92
687.56
413.30
926.80
589.94
740.94
576.84
897.68
010.71
723.15
989.61
742.51
833.89
677.47
355.72
003.80
859.51
427.18
453.58
727.04
062.61
745.62
195.10
861.62
364.24
506.42
960.32
347.29
241.09
161.89
703.37
932.85
219.34
395.54
286.15
241.90
395.57
078.94
239.39
350.45
918.85
855.96
751.71
669.85
658.77
548.14
632.86
660.19
958.24
837.64
738.08
657.93
261.33
640.68
473.50
419.56
442.67
000.83
021.10
524.18
854.90
464.64
315.82
166.39
764.33
414.20
750.50
408.46
687.76
434.58
597.87
868.08
326.31
666.85
327.29
565.47
697.61
317.05
778.18
531.17
594.57
633.50
997.64
803.43
493.68
257.93
182.47
136.79
638.87
361.17
438.10
802.71
184.17
804.80
418.78
805.33
909.47
299.76
844.70
243.45
052.64
346.78
740.01
462.99
544.89
173.31
817.78
987.01
064.89
741.44
497.69
746.23
008.96
078.46
198.29
173.90
234.75
960.69
312.67
333.11
457.08
685.54
417.57
500.91
709.13
535.59
400.24
272.91
284.26
371.69
364.44
500.49
583.49
903.66
209.90
056.50
091.01
818.10
836.41
753.58
631.29
737.14
693.77
218.46
615.93
089.39
746.28
560.00
626.21
156.51
358.43
354.11
188.36
170.70
119.74
112.62
481.86
809.36
465.24
117.61
657.86
786.97
867.72
505.79
905.63
973.41
161.53
252.02
008.68
830.86
800.54
177.65
414.97
533.23
210.14
087.08
952.91
431.27
730.04
778.02
036.50
776.78
689.12
551.02
110.05
037.37
215.70
931.34
397.95
584.54
503.97
844.91
185.08
336.22
849.41
485.61
477.94
209.77
496.19
242.78
413.20
784.72
709.96
598.42
778.50
999.99
733.04
112.66
130.54
820.98
222.76
283.93
104.42
966.35
295.83
464.10
376.26
835.08
081.82
537.15
621.26
196.10
906.73
120.79
665.34
954.97
422.59
503.44
856.36
158.39
737.72
724.15
031.42
936.09
499.38
980.04
321.82
590.59
417.62
547.93
145.07
222.47
626.01
598.60
859.37
333.52
392.59
235.19
105.99
431.20
755.72
520.86
229.58
685.50
369.97
585.99
054.49
115.14
870.55
981.61
633.99
980.23
777.91
054.69
846.96
643.35
040.45
843.96
584.36
491.23
342.00
648.49
810.74
438.31
087.90
823.09
372.03
078.51
864.37
088.38
366.30
944.61
846.01
583.73
463.07
001.58
362.92
908.55
971.70
884.67
608.61
107.59
680.29
238.89
903.37
058.98
062.61
822.24
033.26
278.62
916.77
325.73
599.83
312.44
626.30
909.38
124.82
276.23
154.17
889.68
133.24
923.18
981.23
394.27
776.39
572.18
450.14
280.10
931.75
431.44
042.19
413.93
142.88
463.36
672.29
679.76
364.29
514.95
809.25
092.32
318.68
737.64
811.61
607.08
634.35
191.01
890.38
495.60
899.64
850.17
012.26
323.32
978.82
556.42
629.08
813.79
478.54
939.50
770.68
276.22
762.63
264.45
969.98
772.37
137.27
094.30
251.00
987.34
282.52
950.97
405.47
107.29
096.82
688.11
435.98
561.84
929.59
951.22
677.70
415.21
621.78
645.91
419.08
425.22
721.88
399.42
486.15
750.79
600.01
702.60
482.50
847.33
189.84
554.95
801.18
293.07
730.40
373.65
877.70
682.02
410.21
454.63
307.25
119.15
441.24
180.88
982.10
241.94
486.66
957.77
264.95
378.71
672.79
917.93
946.62
709.43
079.01
482.49
480.80
756.91
641.09
908.36
688.41
983.69
478.13
929.66
390.48
272.03
481.88
042.91
065.16
438.18
458.91
878.01
775.44
493.36
944.11
390.90
288.21
026.06
807.91
733.90
442.05
848.14
166.48
757.96
021.58
538.99
334.80
141.84
734.48
120.56
275.24
152.35
003.13
174.84
279.68
431.28
465.50
405.13
526.53
447.18
810.24
502.68
276.82
332.75
026.10
510.86
097.94
744.61
376.16
831.32
050.41
417.54
600.34
138.02
783.70
513.07
573.56
042.33
129.04
010.33
109.63
746.24
200.20
080.21
018.95
263.30
578.55
205.72
535.21
090.31
913.92
790.67
118.30
792.55
792.49
551.21
095.88
416.11
270.44
530.72
911.35
060.45
546.92
346.79
560.09
663.64
169.10
200.86
155.40
024.27
186.70
972.47
553.41
534.29
980.80
530.71
982.79
121.72
942.19
147.37
567.51
291.26
118.11
835.77
303.34
116.01
270.79
210.75
044.72
356.71
664.46
840.24
811.80
630.57
653.73
909.42
739.86
885.03
878.49
442.84
890.56
267.63
123.89
766.38
889.94
706.50
159.95
140.72
742.09
948.64
545.07
167.35
600.12
638.63
663.37
163.41
242.75
100.94
092.17
048.73
199.92
743.81
182.21
590.69
703.63
620.06
506.32
718.74
957.83
523.16
944.40
107.94
585.10
255.50
673.37
134.53
511.76
144.33
598.13
877.32
029.45
259.02
244.49
688.35
322.72
254.26
066.51
317.05
739.37
155.91
666.53
809.91
005.52
289.08
120.10
965.22
249.60
544.97
114.04
785.11
866.64
358.31
974.59
214.05
015.97
441.30
142.01
788.82
134.55
742.63
121.91
688.08
030.85
263.67
370.41
373.62
752.87
140.05
848.04
929.96
863.49
579.76
848.89
575.85
283.14
765.48
515.58
092.51
931.93
093.45
221.33
979.36
631.33
448.72
324.03
519.49
311.97
547.05
797.71
873.16
092.63
332.56
117.78
251.97
503.61
524.42
356.60
734.36
232.99
503.08
491.49
319.22
510.58
898.91
115.45
017.71
949.25
032.91
929.06
007.53
651.48
422.22
613.30
468.32
385.85
325.74
243.93
670.16
130.17
530.11
548.76
161.40
146.80
776.38
921.91
528.78
729.89
993.93
611.56
109.10
847.02
823.00
665.99
626.87
026.62
924.07
325.37
703.30
067.94
340.98
274.24
810.77
366.99
429.36
663.16
936.07
558.38
500.74
226.24
914.61
105.94
041.87
458.50
212.68
893.04
568.42
793.07
645.17
633.43
666.88
621.74
186.35
681.19
644.40
732.43
378.21
409.00
656.44
148.88
247.17
726.21
740.17
284.65
150.61
758.76
982.37
510.87
049.56
895.59
274.31
445.23
112.65
578.52
309.68
923.14
664.69
136.22
653.78
411.24
119.88
692.95
256.18
081.22
397.85
139.76
691.44
200.77
363.71
763.13
715.33
538.56
236.51
608.41
202.10
261.44
709.97
270.92
872.29
742.92
122.12
306.94
828.83
478.41
212.01
236.17
784.84
057.35
838.34
676.70
364.47
555.82
402.44
839.18
356.87
002.98
205.33
730.39
505.88
527.48
058.93
607.44
428.12
603.80
638.08
770.50
151.13
349.66
159.38
308.79
276.23
404.83
127.71
922.18
514.00
904.21
542.31
224.90
036.47
662.79
893.64
509.86
546.57
457.84
706.40
019.02
128.73
350.49
719.22
946.34
565.52
401.41
687.55
184.18
837.89
569.59
534.58
887.06
486.33
836.98
611.41
667.02
475.72
128.33
460.22
449.73
273.68
396.24
700.80
809.96
024.83
990.95
103.57
410.70
861.60
696.60
490.70
977.77
631.46
654.30
277.46
115.09
663.59
838.45
401.30
916.91
314.65
836.32
972.50
132.09
111.73
865.89
423.79
443.02
215.56
934.66
873.96
918.43
450.21
676.35
162.40
200.35
463.77
304.61
482.59
706.72
299.71
984.37
119.49
625.19
516.15
206.79
615.50
130.12
803.59
775.85
996.41
732.78
158.16
203.18
824.35
642.17
399.39
572.70
088.89
560.49
401.69
638.89
952.57
098.98
825.10
005.34
751.06
851.40
270.86
962.10
752.89
416.18
461.08
176.70
031.44
680.82
749.81
016.84
696.76
189.29
475.02
422.64
780.42
740.77
702.69
746.96
815.88
473.28
670.71
866.63
924.23
544.97
628.47
988.09
824.55
524.11
515.70
697.82
910.91
001.79
669.58
824.24
472.12
651.36
974.89
352.80
904.27
406.56
497.26
494.20
852.93
763.67
237.67
229.03
766.00
500.06
036.54
010.95
167.91
992.15
021.27
504.49
397.59
379.99
720.89
430.65
864.53
687.20
858.02
436.62
749.71
196.92
403.93
477.38
629.44
782.83
034.93
017.02
209.17
885.63
062.78
976.61
159.00
961.27
003.93
414.48
812.14
641.31
833.33
935.33
935.56
223.98
335.02
724.18
950.64
930.88
478.88
598.66
951.64
137.64
011.77
424.29
162.11
529.83
321.07
931.57
466.26
066.99
628.22
059.89
226.39
702.66
265.95
953.32
496.07
124.65
177.00
919.40
036.34
032.14
356.13
310.29
897.53
866.18
213.95
426.54
817.41
643.18
990.40
239.88
257.91
197.74
476.13
871.36
998.65
212.44
615.27
411.22
178.65
042.86
481.66
430.94
061.79
612.29
057.26
363.78
329.57
381.04
813.26
466.29
499.32
031.23
258.92
724.81
455.98
124.12
293.12
312.32
876.81
073.88
271.43
891.30
274.36
047.84
702.08
799.14
175.70
908.69
661.75
174.26
914.37
961.38
182.36
487.31
106.95
797.22
420.68
111.46
996.68
253.72
179.79
825.28
124.17
487.88
329.34
853.76
534.47
762.88
595.47
708.59
554.58
078.70
730.67
731.10
919.53
929.30
798.56
188.20
949.31
872.34
482.19
590.07
093.45
723.97
055.50
198.83
320.74
329.15
487.39
044.45
380.35
015.45
042.85
555.85
102.02
520.25
805.68
952.44
802.30
117.32
148.80
433.71
479.50
882.82
549.35
090.85
420.00
154.28
872.06
085.46
535.32
505.20
569.68
858.20
030.14
913.13
442.43
550.91
687.43
217.42
584.79
700.92
120.57
542.27
783.10
431.06
587.08
966.51
177.74
083.45
447.77
228.20
847.70
981.42
011.75
224.26
665.47
916.53
399.33
255.54
989.77
476.43
821.84
248.73
697.39
226.73
980.56
866.68
246.45
762.48
181.71
439.49
834.78
679.54
318.56
172.83
057.80
303.13
365.06
654.96
564.04
462.51
012.12
685.20
165.05
400.29
411.51
257.74
844.39
919.85
181.56
697.58
664.43
690.84
779.20
167.44
098.04
101.92
553.50
873.60
930.00
062.73
326.85
750.30
910.94
844.09
012.65
612.45
730.53
666.03
082.38
095.93
503.25
522.15
453.18
856.01
108.89
242.14
723.16
699.27
473.12
798.22
574.55
529.84
372.52
062.06
184.88
429.78
850.07
179.22
811.45
409.17
097.23
851.39
578.33
864.19
673.44
322.36
522.75
403.84
054.03
046.12
568.64
062.67
974.79
277.23
648.64
418.09
655.13
373.28
124.49
112.27
985.45
050.66
505.32
127.45
791.61
324.94
051.25
142.29
847.06
921.34
497.31
491.72
911.24
818.05
156.53
333.78
331.91
877.10
546.50
994.32
318.50
697.84
208.89
808.48
780.79
997.81
708.07
883.35
889.89
265.87
828.77
107.63
764.02
935.72
614.47
759.79
035.70
174.67
445.32
396.51
059.89
086.63
971.10
486.91
657.26
800.02
997.28
910.02
970.69
514.78
389.53
632.80
431.27
411.85
202.36
931.62
375.29
576.51
667.07
088.29
710.32
878.75
159.21
122.44
083.15
164.76
391.32
960.68
893.47
373.74
233.93
812.61
318.06
195.36
703.11
865.70
927.89
722.43
306.71
972.67
304.74
535.31
980.37
476.56
330.09
443.58
124.07
883.92
097.01
588.96
242.60
638.54
810.62
466.92
534.51
770.86
977.99
353.49
205.57
092.28
282.30
042.88
794.07
023.56
356.39
609.95
234.27
005.97
550.05
590.98
701.18
743.87
797.05
142.90
759.88
939.56
225.52
369.92
094.57
327.15
920.32
980.47
755.97
456.26
344.91
347.84
085.36
202.20
838.06
738.07
522.92
828.87
578.12
523.62
705.84
112.44
009.00
602.32
282.19
482.00
755.69
557.84
150.14
483.18
153.18
657.26
660.34
683.12
168.60
544.74
433.29
851.53
391.74
073.25
104.85
639.86
201.28
380.94
321.64
653.47
994.20
841.03
112.50
055.45
910.04
975.90
579.83
306.82
165.73
891.28
046.60
147.85
594.29
439.96
984.44
553.18
999.35
156.77
156.58
703.34
321.04
789.75
419.85
198.81
174.76
441.77
656.87
143.48
486.25
723.01
572.10
328.08
209.49
300.76
532.26
092.44
075.40
908.97
419.61
013.62
087.52
376.65
578.08
377.62
336.47
168.61
721.74
955.36
450.85
043.12
267.97
053.65
380.12
506.57
868.04
457.29
609.16
073.59
221.87
567.81
343.59
913.33
226.01
246.48
430.80
363.65
005.26
834.91
623.74
280.42
321.50
091.38
478.62
897.38
378.61
999.98
521.74
994.32
173.97
518.05
251.48
482.85
455.42
421.93
439.10
559.04
663.45
471.59
541.40
421.67
377.61
719.19
402.24
787.39
854.59
136.41
259.48
574.31
984.28
377.48
493.74
485.56
607.89
162.14
309.42
348.54
119.36
062.73
614.30
329.25
265.64
323.05
736.11
361.22
023.14
356.86
408.15
100.61
031.48
899.01
947.59
931.92
849.77
489.89
903.82
250.43
048.55
996.80
876.46
486.76
251.64
590.90
200.11
005.96
597.98
097.62
768.56
559.61
659.40
216.17
174.79
611.47
579.37
221.85
265.98
018.74
429.11
601.51
301.47
399.46
668.96
483.03
965.67
477.14
222.15
010.21
814.54
133.77
940.11
471.73
406.03
195.63
778.35
978.18
466.09
540.08
356.60
388.90
147.16
234.95
400.25
704.06
923.06
830.18
902.09
671.23
721.69
138.94
623.77
126.78
268.08
078.84
886.86
580.21
734.32
453.38
818.47
103.11
635.70
676.64
655.32
563.64
086.40
308.08
723.89
384.14
952.84
678.62
397.80
175.74
919.83
547.69
667.46
524.38
964.45
416.35
012.38
395.77
975.65
195.73
766.31
193.18
772.43
121.66
512.52
782.38
101.59
277.71
687.35
763.77
976.04
316.53
291.95
208.29
122.02
534.28
312.54
698.58
937.23
620.57
834.26
790.18
647.67
260.97
602.64
857.23
898.53
721.26
809.71
962.23
690.74
569.58
713.66
091.00
804.82
613.15
006.12
422.94
826.94
832.18
357.59
459.03
815.49
164.32
528.46
551.50
582.70
787.01
502.49
868.69
959.03
270.69
297.25
526.73
448.92
689.08
703.57
757.59
819.82
486.10
290.19
654.35
849.52
448.97
056.12
814.94
639.04
094.92
270.01
846.88
046.11
756.08
032.71
331.08
926.00
174.28
139.48
453.31
085.21
679.08
491.05
534.94
982.46
117.15
090.68
577.13
770.42
275.61
605.37
691.58
592.76
473.98
383.94
836.79
272.30
948.54
263.16
951.23
379.23
764.42
382.28
175.93
391.45
750.77
143.44
639.99
417.96
525.13
989.82
342.92
979.71
588.70
745.70
024.01
563.40
376.88
492.51
200.10
404.56
338.12
186.41
750.56
566.96
658.67
853.91
744.29
085.12
094.45
080.53
740.73
638.49
955.30
597.90
370.73
442.40
519.98
043.61
954.86
290.92
473.43
450.74
590.23
968.70
574.51
816.07
687.49
457.86
771.29
315.95
957.54
727.39
878.51
165.70
355.64
949.26
183.46
518.82
565.98
701.52
233.05
093.61
929.51
769.65
077.26
368.21
729.48
326.57
913.89
660.93
486.06
997.15
258.37
294.47
070.79
896.29
328.22
653.03
135.52
805.48
966.81
675.91
419.71
003.71
565.56
913.97
447.64
941.36
320.39
802.04
308.16
103.53
835.10
529.73
494.79
637.41
416.17
839.34
795.54
255.74
514.87
864.78
506.83
429.98
717.54
443.04
766.80
860.47
502.53
476.80
895.22
076.32
838.87
319.23
027.95
919.14
303.69
307.61
304.34
341.27
570.49
724.28
922.54
855.12
927.46
413.61
025.37
057.05
010.94
156.34
402.37
800.07
773.74
415.52
613.05
717.10
744.61
945.21
665.12
089.91
686.21
031.90
571.85
034.56
488.27
918.13
926.90
525.38
504.63
177.40
557.58
608.50
472.78
894.11
260.35
722.99
067.29
479.68
413.69
571.70
617.18
827.61
713.40
000.89
617.39
966.76
566.24
887.30
964.07
990.92
486.85
653.19
436.66
042.26
191.35
061.11
080.78
894.58
197.35
143.82
270.36
850.62
006.82
905.27
520.04
958.05
156.91
049.38
097.14
937.01
659.77
267.13
360.16
179.92
698.09
065.98
854.49
896.99
256.92
868.88
311.80
134.52
146.11
220.37
474.97
321.85
226.00
100.04
923.76
727.29
827.82
978.55
390.01
481.22
331.46
229.04
899.28
662.60
175.98
980.83
207.91
194.32
800.83
733.82
275.71
651.77
316.83
071.05
335.23
997.58
147.05
305.24
450.64
650.38
166.22
234.55
424.79
779.66
747.24
154.01
725.46
582.13
065.59
346.45
916.16
700.39
219.62
710.55
779.43
345.87
712.79
131.02
929.31
256.26
662.45
647.29
746.62
687.15
972.18
046.94
600.82
959.87
588.24
578.42
661.02
847.25
919.42
942.29
134.13
451.24
972.95
455.12
946.40
475.41
771.90
921.04
312.41
373.60
405.93
592.80
052.84
020.75
756.19
397.43
645.18
491.88
862.38
601.16
463.85
205.86
579.81
781.59
991.12
360.22
247.75
006.81
028.72
646.55
998.04
476.11
876.58
882.35
401.56
550.31
530.81
798.61
450.65
225.16
068.87
931.29
183.87
896.68
198.86
265.19
277.24
237.68
917.73
594.64
207.04
189.33
740.31
579.11
796.28
762.93
776.94
737.47
093.91
549.71
977.05
145.93
621.32
648.09
438.98
628.41
379.69
140.05
447.98
749.15
991.08
951.18
398.97
184.40
505.52
481.16
711.67
024.55
747.31
554.96
318.17
141.18
308.07
579.87
687.92
672.31
610.12
219.96
723.65
082.20
542.81
742.54
610.56
906.98
273.73
249.10
611.46
649.27
216.04
701.19
049.75
457.62
751.41
204.42
622.35
256.79
202.70
941.56
423.05
743.10
208.30
955.50
108.09
454.40
550.57
565.13
094.12
370.04
239.93
536.98
662.52
181.75
745.01
620.65
644.68
602.20
074.73
347.81
417.16
780.66
201.57
305.20
084.61
537.67
711.32
960.48
000.55
368.22
038.63
457.86
178.44
729.93
874.43
708.79
075.54
022.31
175.04
578.63
200.52
001.51
596.76
294.04
707.44
459.88
661.99
259.65
688.98
924.86
684.57
341.92
938.55
895.72
149.34
981.25
501.68
925.74
964.21
060.21
418.38
985.31
176.33
452.29
519.61
205.40
764.04
677.53
517.27
066.91
806.80
515.19
293.95
300.07
163.61
021.34
836.52
235.07
898.59
170.34
316.46
921.84
422.85
430.95
396.85
922.66
369.27
300.97
726.49
439.32
743.35
853.22
169.42
804.15
584.70
520.39
324.44
789.57
702.23
165.86
904.97
538.54
293.31
221.81
708.41
045.39
234.13
597.24
482.17
925.68
065.47
404.26
157.55
107.21
055.16
034.21
697.23
394.79
220.02
971.85
456.46
061.34
311.44
757.13
403.24
240.23
190.02
752.36
206.45
501.25
697.36
477.81
918.00
614.62
963.27
456.12
165.54
625.53
034.22
798.47
139.64
041.38
032.68
893.98
591.45
406.86
455.84
620.94
751.70
503.59
005.00
267.30
928.24
816.72
147.92
771.94
269.39
908.66
743.59
462.79
114.86
307.91
332.67
131.09
939.25
944.78
328.87
400.87
267.05
045.77
502.36
769.99
341.48
854.68
886.62
993.74
186.11
032.77
170.66
811.84
178.32
956.67
317.11
858.19
876.70
368.41
879.45
985.97
664.28
595.62
794.88
725.14
593.40
396.96
266.31
286.20
080.37
600.52
035.91
820.70
096.78
604.58
935.05
553.77
796.25
516.71
217.92
313.80
582.25
379.04
929.96
510.62
191.19
489.94
702.28
156.20
614.03
091.98
524.57
870.36
988.50
664.53
979.87
614.95
222.47
130.84
048.14
879.08
024.55
225.90
571.00
247.29
529.12
544.57
926.11
227.27
420.86
227.59
476.42
008.95
283.34
460.24
900.49
689.70
228.52
366.68
771.79
562.93
675.52
856.11
087.84
053.17
987.08
516.30
964.28
365.93
909.32
529.99
269.91
972.89
585.96
466.14
458.55
578.52
816.65
414.24
315.44
423.27
339.78
907.36
414.79
125.87
718.53
827.60
936.05
854.06
413.77
654.34
760.55
329.23
398.81
300.10
227.14
570.86
162.81
197.24
964.89
999.19
039.47
340.79
836.51
752.47
256.83
695.09
515.38
143.34
780.07
113.88
955.24
351.38
995.12
505.45
454.71
243.86
415.94
772.49
206.10
780.11
358.55
859.60
153.81
748.48
627.29
399.44
501.04
666.79
120.51
581.96
341.30
305.12
473.07
114.72
510.25
442.99
043.69
904.38
228.15
612.69
007.63
551.20
345.42
644.76
415.23
162.55
617.01
156.39
917.14
659.62
817.62
180.93
509.63
583.81
162.85
113.16
261.72
395.78
765.00
928.48
199.57
788.09
116.69
385.53
157.95
993.22
260.44
838.44
560.10
610.56
966.35
939.69
304.86
488.32
926.72
301.94
426.96
927.93
635.81
776.80
791.19
661.07
746.01
431.23
366.16
641.96
789.12
686.50
048.99
083.37
094.24
062.27
242.94
979.03
898.52
157.21
984.92
501.59
208.94
271.10
393.47
909.15
271.07
980.11
523.26
767.03
511.32
444.10
864.66
241.71
789.70
628.78
081.08
590.10
486.38
269.77
123.79
036.11
121.46
143.06
518.64
291.46
390.34
354.11
943.03
258.12
080.96
229.21
036.79
774.31
045.84
526.35
595.70
195.85
184.63
589.50
314.79
592.46
985.28
416.60
084.63
903.87
987.84
933.97
736.21
316.88
512.26
108.89
794.95
119.83
349.15
834.60
997.98
457.95
200.10
943.39
272.63
163.39
165.77
270.06
381.51
066.80
258.53
099.67
378.08
709.17
090.20
026.26
445.76
854.43
845.56
512.35
512.70
250.73
574.78
159.63
921.31
124.82
990.81
574.72
145.85
287.50
986.68
115.35
511.32
753.96
220.46
806.07
051.19
383.67
570.95
534.39
431.35
535.31
932.63
332.21
821.73
763.58
506.56
753.25
738.59
523.53
850.38
358.07
210.35
643.21
682.62
365.71
181.59
079.67
213.50
285.00
079.92
769.33
986.47
571.34
246.48
366.50
503.10
420.07
912.16
561.88
238.36
313.78
914.85
715.03
386.31
878.75
719.14
883.95
337.57
502.23
091.31
555.11
537.90
343.94
601.38
259.27
176.62
742.35
885.70
763.23
524.57
837.75
686.34
194.57
092.66
035.33
706.29
583.08
292.16
534.96
083.47
525.07
663.22
968.03
079.26
456.97
860.15
880.73
124.96
360.34
650.91
324.64
530.95
405.11
500.40
936.75
077.52
270.09
793.66
108.97
541.83
778.00
860.98
418.00
691.36
727.65
825.83
684.90
916.73
904.98
934.78
324.76
194.29
379.37
758.53
631.26
030.25
626.57
003.19
719.98
991.75
693.61
370.80
694.04
352.60
605.81
278.05
485.74
477.72
162.53
411.60
744.62
558.23
809.76
938.43
544.12
261.77
255.61
540.50
190.31
914.83
647.75
600.11
722.83
782.14
600.22
632.39
219.12
004.89
275.77
169.31
195.99
205.56
332.72
575.88
815.79
203.23
875.58
468.77
859.13
141.47
122.85
749.81
691.64
016.51
266.19
235.10
613.99
779.16
668.79
740.02
039.57
045.13
384.48
840.15
655.18
183.69
358.18
650.42
599.20
310.29
106.78
521.43
796.68
933.77
783.95
430.50
307.17
543.74
983.39
973.23
545.09
370.46
952.72
249.16
527.69
975.97
279.95
720.13
734.07
800.24
918.87
672.97
272.50
720.68
286.71
443.33
784.83
922.89
481.90
373.68
159.10
416.90
292.35
675.32
962.17
268.81
702.90
600.54
736.40
102.20
414.39
386.66
217.04
210.37
652.55
454.17
587.06
983.76
144.27
956.23
674.46
454.08
761.35
605.62
518.36
537.55
825.85
801.94
405.20
448.25
639.92
632.56
940.64
980.91
513.69
678.48
866.83
688.76
617.89
640.95
985.62
918.39
063.08
658.19
150.33
909.65
821.89
558.69
440.40
908.49
884.30
636.68
664.70
064.57
064.93
509.81
180.32
216.01
687.95
504.99
723.82
099.26
243.62
728.60
569.04
282.99
887.68
211.24
682.34
324.67
104.96
491.92
099.62
851.80
540.12
318.41
326.18
191.51
048.90
226.86
528.37
048.93
952.55
986.67
558.30
542.63
048.94
625.23
061.92
564.67
267.51
953.75
515.49
235.31
820.92
611.90
119.05
884.71
791.22
612.71
936.44
352.99
671.65
708.31
841.47
239.45
957.91
430.46
837.41
172.97
863.02
489.26
293.81
527.77
488.38
067.51
190.09
245.91
268.27
786.38
529.25
788.47
240.97
209.90
861.68
601.57
890.41
150.86
822.91
775.55
779.11
353.07
480.37
170.26
159.09
198.86
107.35
416.85
720.81
063.11
885.65
867.67
542.28
350.11
998.28
192.78
120.66
264.90
749.85
555.70
399.35
605.68
788.85
932.38
056.38
459.53
886.95
352.68
171.03
395.64
506.64
825.60
111.46
689.04
361.48
012.76
395.63
129.99
972.16
801.83
070.54
829.55
215.10
037.42
053.23
646.37
996.60
725.07
644.89
580.58
692.36
937.21
892.38
111.17
693.04
415.78
573.99
706.06
077.36
888.59
027.79
646.56
836.97
893.09
068.22
022.56
843.92
834.32
734.70
308.48
561.11
474.86
616.56
298.56
873.45
796.47
544.92
707.74
230.01
609.96
393.20
548.44
834.64
120.09
728.98
839.26
225.71
037.04
160.41
172.14
646.76
678.09
465.10
792.24
519.25
097.31
766.86
803.83
812.17
190.18
136.26
927.10
730.84
961.31
445.99
663.31
839.72
505.88
190.87
134.45
260.45
639.90
737.78
951.03
399.52
250.23
602.10
348.03
916.56
004.24
609.41
421.93
177.71
668.75
456.31
874.61
318.96
592.25
023.93
827.60
972.83
494.53
639.63
380.76
113.53
224.74
362.21
371.58
738.73
144.33
186.19
835.08
394.90
671.00
176.01
792.41
183.59
950.24
413.83
091.07
975.00
276.83
772.63
637.86
381.25
988.84
472.22
299.53
879.74
996.93
848.91
185.32
710.28
166.96
530.62
420.22
459.31
605.88
590.24
746.97
399.53
541.13
500.75
917.84
834.78
761.67
277.06
669.09
256.35
576.95
099.74
180.19
321.93
905.18
371.41
169.04
881.21
424.41
465.19
350.02
402.68
172.44
815.56
218.73
181.73
909.46
024.32
482.01
525.06
464.44
990.74
786.86
824.72
578.24
836.47
778.22
294.89
603.88
033.81
635.35
190.54
370.99
356.34
344.31
010.69
353.17
803.62
635.27
548.53
522.25
907.54
935.06
951.82
544.88
737.92
117.38
416.91
851.28
196.15
264.53
855.38
053.23
651.47
512.05
348.50
569.15
105.07
877.78
798.60
499.60
078.99
273.65
163.18
287.62
939.95
277.25
866.25
376.27
451.63
705.36
487.33
312.22
206.87
918.81
254.50
493.52
390.81
331.09
497.62
025.51
360.52
132.88
930.56
849.62
476.10
034.41
584.62
782.85
875.86
467.02
704.78
364.08
652.53
000.33
833.62
193.91
048.03
357.11
184.31
655.08
844.88
893.41
422.96
904.87
385.48
687.83
059.76
405.24
438.06
431.14
732.04
746.44
260.76
181.08
375.46
190.28
851.38
255.30
216.54
232.91
938.17
262.56
484.17
486.35
614.35
469.11
876.72
804.83
875.51
599.57
020.25
716.85
729.94
930.58
393.39
457.88
993.06
605.86
964.35
849.73
162.58
439.97
520.23
174.72
098.35
679.72
839.39
593.66
764.99
920.05
887.28
455.30
363.08
453.96
734.01
381.12
890.96
811.35
230.66
236.99
701.26
812.74
990.56
506.78
655.68
670.38
739.66
375.58
146.82
211.38
917.86
943.46
164.23
320.46
080.00
921.67
170.46
681.16
088.41
354.05
382.46
404.53
781.63
654.42
980.67
168.77
709.55
741.39
310.25
435.31
096.87
211.02
990.80
656.53
808.82
892.66
663.06
912.13
539.69
126.67
540.35
624.01
084.41
088.80
528.39
807.24
086.17
660.02
864.58
122.45
153.96
438.10
881.72
714.46
533.79
720.06
655.30
716.51
868.23
412.13
580.46
736.95
097.58
510.61
005.71
042.20
083.31
946.84
312.17
054.91
983.68
330.72
424.83
267.66
926.62
035.74
263.18
531.69
721.44
596.44
704.85
117.29
652.35
531.03
737.51
159.98
438.39
909.22
319.95
337.30
696.31
354.91
607.64
581.96
138.91
297.45
456.30
320.52
787.48
784.89
399.29
445.06
172.09
159.04
542.89
050.75
614.65
525.36
238.67
739.78
912.34
293.42
142.80
455.23
413.88
104.05
739.02
830.28
630.09
827.87
216.03
560.45
377.21
343.24
760.14
960.40
359.02
373.88
553.99
553.81
881.69
949.12
142.49
566.02
313.64
247.93
030.83
699.90
773.21
459.79
579.72
132.10
477.67
094.25
346.56
717.77
488.95
071.53
759.31
579.19
854.61
278.35
951.39
368.96
631.98
185.45
531.78
574.44
028.06
154.89
669.28
341.93
390.51
728.27
251.64
590.78
830.91
014.82
681.07
679.49
915.62
291.63
480.09
129.33
017.40
479.46
259.49
610.79
776.29
951.74
598.09
237.77
709.50
318.11
928.23
026.53
777.43
804.79
834.72
826.31
980.31
675.95
644.09
709.58
085.40
339.03
349.34
660.82
582.28
777.87
815.73
258.42
562.24
456.10
863.13
660.69
609.27
554.14
088.79
713.68
475.85
826.19
128.43
122.77
699.30
450.84
177.55
409.94
888.90
007.41
581.11
611.20
248.13
988.31
052.13
514.30
206.26
147.16
061.50
833.99
244.35
845.25
417.50
477.37
989.92
936.37
778.47
332.42
927.42
419.76
356.15
286.35
879.72
107.75
367.35
061.29
990.36
264.74
523.85
403.14
047.09
462.77
759.82
502.60
679.16
615.06
870.83
155.87
529.70
352.74
732.19
108.81
760.36
880.22
889.52
831.48
933.97
205.71
540.91
117.44
140.96
524.45
125.96
994.32
475.19
158.95
700.62
162.27
270.52
722.41
634.80
039.73
817.54
056.46
075.28
220.33
305.53
487.55
409.50
327.84
518.90
064.00
418.59
543.57
061.28
689.01
767.33
147.24
280.15
063.03
576.34
570.18
446.97
929.55
431.45
477.80
546.85
393.84
799.45
143.01
663.28
038.18
120.72
785.83
010.32
786.08
421.27
712.16
584.33
432.63
101.18
566.45
323.01
867.79
725.83
659.55
649.48
100.17
888.22
156.29
653.62
002.50
578.10
127.10
972.20
609.65
005.19
595.13
912.83
022.46
306.50
506.29
220.51
704.11
476.41
324.33
284.84
137.55
091.74
730.14
924.56
743.11
294.49
919.11
552.87
089.38
461.68
347.91
017.92
709.59
022.16
025.47
935.83
332.30
168.30
280.91
211.61
290.64
386.60
945.52
675.84
765.48
100.85
536.53
186.21
086.33
039.50
470.01
818.64
910.40
225.98
215.05
319.74
824.52
092.46
034.75
316.88
016.62
366.68
030.34
448.32
060.06
791.85
297.90
754.66
399.09
594.43
879.41
953.12
647.19
325.08
612.51
518.49
896.88
379.13
235.69
420.54
126.55
867.14
458.45
073.78
295.58
299.93
960.76
817.93
358.22
209.64
604.59
094.25
062.63
016.54
265.94
874.67
231.38
190.64
768.52
547.71
335.65
261.05
315.87
443.32
957.77
462.56
518.10
895.18
559.46
465.50
270.97
889.11
384.32
454.31
363.01
877.90
499.87
828.38
040.99
034.52
535.28
018.35
207.93
327.64
730.55
793.32
467.70
860.87
253.00
811.18
809.53
093.68
414.51
156.15
398.31
438.87
648.90
593.25
770.19
744.73
517.71
993.64
798.39
275.36
434.19
882.49
087.05
231.18
294.41
795.69
334.00
558.43
415.47
888.76
551.46
411.77
282.69
975.39
019.20
328.16
330.80
692.29
897.83
656.46
703.69
017.30
218.45
258.05
698.39
778.75
272.85
783.32
860.30
500.51
319.66
904.19
301.73
521.71
145.54
465.61
641.33
304.69
077.68
447.38
060.52
355.88
546.27
531.91
189.83
770.34
024.01
135.49
629.30
318.34
551.62
731.78
756.07
186.69
293.80
285.67
705.66
705.71
496.18
109.12
152.25
856.16
003.54
256.89
079.23
010.19
189.87
252.20
112.03
709.09
582.05
708.48
284.10
827.31
223.20
035.24
202.44
275.29
939.73
020.96
069.71
314.17
830.08
137.60
501.99
213.58
786.40
057.47
513.06
920.54
997.72
741.74
169.51
507.99
884.75
908.08
299.10
852.95
424.92
019.21
732.14
279.13
910.14
610.28
730.20
994.24
938.56
728.62
823.37
093.48
226.66
144.91
102.38
874.13
187.00
742.34
224.16
249.49
785.26
600.01
177.59
991.36
183.08
139.76
975.96
496.05
874.25
205.79
846.04
217.53
726.98
550.80
711.69
940.87
212.43
212.54
629.91
495.86
333.19
757.44
138.63
579.62
368.68
527.15
774.54
468.87
421.32
927.88
205.64
980.47
788.62
176.26
159.28
662.62
572.84
141.60
676.11
185.45
000.98
154.38
510.98
659.46
054.09
878.40
076.63
280.82
564.33
112.92
673.03
851.43
235.33
786.81
486.29
299.95
794.31
637.16
717.38
952.97
770.62
138.95
809.10
956.67
969.09
253.27
265.76
133.65
740.72
709.02
238.16
814.46
907.55
343.83
659.11
684.37
583.99
962.01
351.57
172.45
663.68
518.80
561.11
930.99
792.00
988.29
472.81
809.01
639.18
867.57
591.66
144.98
887.32
229.67
499.02
756.61
745.05
539.06
364.62
675.47
772.18
020.81
049.12
009.04
486.05
878.67
444.26
933.30
498.14
467.83
541.56
414.51
646.38
355.78
191.68
124.83
415.56
563.32
414.36
966.42
092.90
788.00
261.18
444.14
752.98
508.72
265.39
085.86
552.62
486.43
148.01
475.84
600.80
724.75
886.96
563.69
945.76
606.14
843.80
865.39
802.68
003.83
692.33
140.53
942.47
116.68
651.41
263.51
353.81
696.32
967.52
082.61
377.79
659.49
382.77
738.56
160.70
456.69
776.94
221.89
515.85
959.90
906.15
454.51
247.84
871.30
171.58
332.93
487.89
240.69
001.26
300.40
593.51
146.63
745.40
843.97
300.31
607.02
999.77
919.57
669.35
048.81
353.25
819.77
175.74
462.65
700.85
331.47
617.74
571.19
018.78
144.42
552.89
767.55
371.31
498.29
791.36
314.29
998.09
774.42
005.46
382.58
366.63
722.96
000.08
375.14
624.58
846.49
395.65
035.74
631.95
319.63
518.30
103.69
136.04
978.78
408.95
252.48
918.07
282.10
399.69
737.50
667.34
616.72
798.46
033.56
265.56
193.67
517.71
724.04
927.87
888.86
824.47
903.57
725.05
715.51
883.85
249.10
567.45
887.56
192.90
311.02
332.64
800.72
804.15
468.54
560.24
264.34
305.28
528.14
836.96
764.15
354.73
433.40
629.91
113.46
214.77
873.53
457.19
416.89
396.91
839.76
806.71
441.66
679.82
266.55
260.75
388.73
725.23
708.97
186.14
992.75
413.20
458.78
654.29
560.06
436.54
602.09
295.90
493.61
020.71
902.78
786.35
743.38
415.68
282.05
690.64
659.72
141.08
624.68
855.28
140.20
707.88
233.02
431.73
037.65
180.31
793.52
195.61
035.37
920.61
729.28
373.69
177.79
259.64
936.69
402.83
107.62
963.69
271.21
679.33
339.70
424.68
220.22
810.39
064.63
410.58
914.32
364.25
512.92
084.40
210.55
466.81
332.57
323.54
619.47
692.14
016.88
324.10
637.38
512.97
598.48
449.57
483.41
361.16
553.88
855.64
397.38
541.92
802.87
424.32
172.13
684.87
682.99
048.58
963.06
499.10
553.18
735.35
436.70
411.53
170.49
804.77
533.08
938.36
546.74
499.21
489.71
420.75
319.61
645.50
773.86
034.46
806.14
813.69
616.72
991.95
914.50
042.50
882.67
257.29
179.12
061.43
467.41
349.06
210.52
099.01
142.41
217.79
868.83
185.13
475.84
168.99
195.66
320.62
325.42
819.61
984.90
206.79
683.48
331.15
014.70
603.65
621.36
241.15
584.77
218.19
365.44
819.43
004.61
243.90
266.04
964.39
408.67
580.80
231.79
498.01
988.40
036.44
016.68
975.93
896.29
116.08
327.85
621.36
351.74
700.14
689.56
581.71
510.51
998.34
915.76
