665.67
608.11
326.06
243.02
027.68
432.09
583.57
816.73
939.50
873.73
118.85
927.71
774.91
737.47
857.78
018.86
141.23
509.45
572.11
987.79
149.61
056.72
560.66
593.85
003.57
226.87
029.45
383.62
341.58
759.33
773.41
210.00
752.92
737.93
559.06
619.93
602.20
361.71
261.30
816.74
896.46
402.62
818.69
023.28
995.24
568.41
951.79
298.21
760.25
064.23
360.91
120.06
281.89
056.66
415.15
486.13
453.67
168.76
912.32
843.01
667.79
840.86
990.61
783.04
297.84
221.84
665.75
983.06
681.89
582.66
760.32
155.76
347.96
360.02
151.83
980.60
746.14
273.22
608.94
700.53
797.09
550.93
788.94
028.10
378.86
351.98
414.62
289.54
789.66
164.09
212.11
933.00
637.10
946.93
281.59
712.59
556.01
055.17
830.73
426.44
387.51
755.45
568.87
461.99
060.77
223.24
716.48
094.52
876.89
596.73
553.06
163.21
511.39
372.41
431.28
470.52
051.40
487.62
848.32
613.44
344.79
505.98
613.89
814.34
398.57
837.68
679.00
210.98
600.54
684.70
791.23
804.25
371.13
750.61
942.65
546.13
768.19
917.05
761.05
976.60
706.53
031.67
039.09
924.41
631.02
616.97
141.35
221.90
957.93
146.39
117.06
827.01
252.54
625.88
657.32
962.39
166.71
560.06
853.41
309.34
856.51
788.41
972.75
702.23
573.11
344.29
668.17
155.98
758.12
550.80
976.23
248.52
984.03
617.83
767.20
902.52
247.04
461.09
419.88
012.76
967.91
402.18
283.26
319.82
561.85
322.51
924.40
489.39
559.34
047.76
527.50
041.81
077.68
048.87
333.77
401.02
377.32
640.46
098.66
099.91
672.96
278.10
642.12
337.22
409.18
743.29
407.10
802.24
918.26
441.97
711.20
546.66
889.55
083.12
554.19
082.66
347.69
185.76
767.64
371.42
082.16
017.76
527.68
817.61
208.20
318.30
263.45
144.34
797.28
990.51
975.03
086.97
871.44
242.33
587.38
463.22
212.65
263.52
115.65
538.65
573.68
939.26
133.38
133.38
577.48
534.16
411.46
581.23
541.16
164.30
687.21
720.08
688.10
062.56
939.77
702.02
453.67
734.79
781.08
480.61
822.25
237.32
837.16
374.62
876.51
889.02
278.88
791.74
621.12
620.57
216.22
751.53
612.98
561.89
378.53
790.68
667.01
069.13
569.63
475.60
997.95
182.35
662.10
625.69
910.94
979.19
294.94
383.18
918.06
706.67
219.69
172.05
478.70
331.20
420.87
950.73
309.05
191.36
313.49
546.24
570.41
636.85
730.03
979.28
188.93
860.43
750.53
247.02
513.14
292.32
009.61
069.95
703.18
279.18
964.03
514.18
779.87
352.79
897.02
193.35
116.31
292.07
713.41
467.04
905.75
920.20
127.31
647.10
740.60
405.32
586.07
605.81
871.63
717.19
801.38
711.43
326.77
100.84
453.28
849.63
333.93
497.92
537.59
466.22
684.77
300.73
593.38
750.55
229.01
531.29
435.71
378.93
848.80
939.68
988.74
176.29
869.89
056.03
294.43
389.41
384.90
021.67
542.53
205.35
969.36
055.57
802.30
459.34
984.15
220.21
138.69
860.85
291.03
154.91
212.49
243.67
173.95
387.27
062.57
210.91
566.42
650.18
145.36
482.49
194.18
779.92
786.32
460.84
995.42
965.36
086.80
435.64
670.50
981.26
059.22
967.02
212.90
248.34
865.19
141.24
376.47
844.75
687.59
414.92
687.56
413.30
926.80
589.94
740.94
576.84
897.68
010.71
723.15
989.61
742.51
833.89
677.47
355.72
003.80
859.51
427.18
453.58
727.04
062.61
745.62
195.10
861.62
364.24
506.42
960.32
347.29
241.09
