6690
1431
0775
5244
6805
5508
6932
2164
2244
0822
6137
3337
7671
3253
6336
7874
9762
0281
0877
9713
7234
9987
2722
3111
0125
2221
6278
8071
5668
2259
2980
9190
9865
0615
2339
6874
5487
3790
5397
6079
8007
2973
3511
0517
4124
0149
4101
4667
8651
4741
2249
9521
7066
9826
5685
6609
4058
8592
4414
9761
8542
2621
5358
3117
5515
2262
9421
7954
9194
1180
5437
3569
9944
2898
0876
7028
1493
4747
1861
7378
4558
4543
4292
6452
1290
1079
9987
5581
2705
8886
7287
9431
2398
0622
8908
6166
3972
8748
1069
6400
9192
1055
9493
1779
1085
0140
1631
8006
2421
7864
1194
0737
8713
6629
0246
2304
9426
3491
1860
0916
2081
5345
2584
2961
7081
0424
7440
1897
5250
8275
7739
2144
1269
2223
3381
0425
8553
9739
9596
4116
3761
3487
0634
0063
0390
1868
6187
2829
2072
0485
3796
8912
6416
9876
1451
6070
5771
0602
4460
8102
8451
9531
7773
2104
8841
0746
2580
2652
2504
4228
8246
6554
6295
0170
0863
6810
7569
8261
6643
4847
8029
4707
2433
2903
8653
2145
1399
0988
2814
6654
8727
4861
3787
7762
0163
0264
9998
4080
7935
7905
3018
5221
7339
8065
8969
4137
8527
4224
1267
3426
4922
3586
7816
6684
0315
4408
4484
6177
6104
8240
0488
8863
2566
5172
8372
0180
6553
6190
2776
0769
6708
3388
1420
2975
6522
1405
2319
5224
6271
9805
0953
6387
4212
9590
9221
8369
5431
0997
0324
5116
7065
7980
9518
8495
8747
7677
4386
6573
3405
4079
6446
5951
4034
4780
2798
9722
0455
6756
6212
5446
1777
1707
5411
9160
2549
6127
1872
3530
9001
6269
5874
8147
4338
5821
7288
8044
4148
9407
1785
9095
5449
5628
4248
5200
2010
0168
8199
9873
7625
9797
6941
6178
7580
7748
4365
5229
2213
4577
7285
1297
8858
8774
0976
1156
8890
2984
3949
2896
0085
9211
6029
9960
6353
2853
2979
9951
6966
7408
1755
1076
8028
7240
8428
2916
8360
1856
8277
3240
8338
7270
2851
7100
7664
4854
5685
3140
5230
1247
9545
8437
5465
2029
9042
0826
0793
5620
1939
1246
2976
2407
5777
9560
9804
5234
7224
1095
0773
4885
5429
9229
5896
5898
0853
1462
6045
2407
8563
6580
8096
8381
2246
4038
4729
6841
3948
5295
3049
2943
0420
2076
4662
9944
4079
6551
3926
3709
4926
9050
5437
1773
5461
3848
6133
2439
7475
6658
4699
8808
9369
4954
3865
4487
2118
6171
7401
7237
3927
2033
9297
5578
9408
5111
5069
1901
6032
3623
6748
6565
9250
8145
7168
6330
1851
9385
9965
8623
3437
2256
5864
0451
8341
7427
5365
5153
1690
8077
2583
0319
3291
6248
0985
6137
7393
2359
0534
0369
9900
2141
5403
4453
0973
6746
4476
2498
7219
6926
4130
7533
9413
3457
3817
4519
5758
9793
6213
7402
5658
4350
1527
7013
0806
9782
4503
9160
7797
4796
5917
6905
7517
4699
8171
8433
7170
9479
7869
1095
4467
7443
1128
9167
3056
2518
2774
7882
8653
9857
3377
6312
6353
4248
1066
3194
2074
3051
5653
3879
3236
3904
5615
3811
4484
2264
6627
2304
0057
7479
4043
6283
4797
6042
8577
8944
6837
9245
6456
8128
9122
3587
8904
3686
2649
0115
5865
6441
0895
8931
5279
3621
6870
2439
1415
1680
4413
8550
0693
9108
9121
2169
8813
7479
5425
1061
5161
3116
8892
7702
2559
1554
4404
0046
0862
0070
3176
6447
9380
0122
6533
8306
2745
9029
9701
5420
1965
6576
3807
5914
6762
8675
5027
8987
3773
5907
6361
8840
4540
2643
7219
6395
2689
4792
5651
4628
9512
8887
9720
2726
6233
2979
7912
5740
8979
5211
8125
9127
8742
6104
3480
4670
7736
3852
1211
5246
5466
7524
9718
8929
1140
0295
1816
1699
1546
5705
1630
7040
1816
1658
0440
1021
1166
2700
0624
1551
9280
9757
4853
0227
7745
5692
2904
7053
9939
5563
5540
7543
6362
7834
9799
2722
8181
5752
3491
4187
5489
0405
1089
9236
1405
9439
4592
6946
0932
7379
1491
9293
7463
9819
6415
7106
2320
3501
1962
6787
5370
7747
1697
4032
2399
6283
8788
4483
3531
5054
9470
4647
8542
9730
5885
2013
3858
8053
2207
5864
5028
3872
3704
7142
0138
1397
4768
6128
8036
6850
8086
3929
1259
1032
9174
8216
7351
9113
8545
5626
8244
4391
4434
5263
4374
4492
5007
9435
2627
3431
2677
6345
2258
6982
9501
0822
2993
2909
7960
6429
0838
2853
4047
9263
2499
0632
1382
3546
7360
4956
6304
4889
9192
2125
2434
0821
7165
7460
5769
4015
4785
4413
5936
5379
4844
3608
9869
0477
5664
1867
6299
1855
0908
7995
7391
1806
2572
1324
5596
9342
6420
6038
0447
7806
8419
5494
3618
9094
2959
1854
9256
8023
0678
6016
1148
8764
0878
2780
2924
9293
5549
2591
7873
0268
6533
7357
9069
3190
4413
2900
2726
0072
5131
5673
1938
6723
3193
9308
1252
5379
5314
5085
5716
1140
6755
7093
6170
7574
8963
2260
6836
9087
6648
5272
3706
7497
0866
2873
6953
4434
4530
2699
7027
6818
4011
6429
1819
1542
4636
2609
1294
0742
7760
5623
3184
5622
7180
3474
4762
2392
8336
7834
2081
2903
4683
4697
3304
5714
9409
6210
2508
3510
5322
4881
6692
1339
6865
7416
6522
5623
1780
2045
3793
5186
6916
9876
1764
6704
9924
2878
1603
5318
2283
5678
0319
0436
1738
9710
5455
6376
4339
7299
3072
2313
5815
8758
3871
5958
3203
3566
7863
9686
4097
5528
0024
4578
6784
5979
1597
2054
3314
1437
9805
0177
5812
1606
7174
5970
5937
4449
0293
9879
5171
3230
9233
2601
5487
3158
2417
0849
3632
5527
2068
7861
1101
7998
8139
8492
1467
7666
1036
7715
7656
8000
6860
9139
0821
7243
4238
8701
8800
6524
7102
8515
1237
0774
0312
8467
1877
0002
8777
2689
8950
5401
4485
9400
4642
7583
9260
9352
3969
7962
0923
0311
4469
8495
4634
2594
5057
6866
1035
3307
6803
6115
4125
6852
7231
6958
4791
0507
6641
1260
4929
7753
2885
4067
9896
9929
9168
1735
1511
9496
1800
5735
9643
9317
0621
7645
9359
1984
2189
6147
9545
1948
1904
8704
4212
4204
1963
8486
5411
2986
9568
1753
0306
3137
1523
7335
0752
8764
0425
6657
1003
1027
7776
5975
6135
1983
5641
5491
1374
2597
5533
5836
3952
2224
1549
2559
4856
4915
6240
0257
9756
2290
8906
7191
0583
8805
1172
2128
3086
7449
3213
8003
3119
5902
6297
9342
3685
0748
8163
1881
2195
1985
1017
8173
7360
2317
8290
0494
4963
9283
5369
3320
4430
7812
2060
7624
2222
4661
3272
6492
9982
0228
8027
7018
6683
4453
2970
7849
8414
6760
3856
5616
3543
6345
3211
3608
8169
1813
8819
2244
3543
9901
4948
3275
4076
6138
5980
8001
8474
5362
5187
5959
8612
7409
5295
9488
8177
2539
1819
6532
9296
5704
3550
0845
8472
5163
5678
9571
8005
1086
3928
6640
2018
7125
8894
6325
5384
9535
2623
5312
2074
3123
8867
8669
8388
2644
4098
8907
9263
8103
5027
9054
8882
5976
4540
0200
8066
2802
1051
0561
2648
4024
1163
7026
9452
7260
0636
8197
9517
3285
5437
8130
1422
8698
0879
1414
2994
6963
3678
4563
9393
6309
2436
8205
3944
9831
7564
3600
7263
7780
9114
6541
4742
2811
4202
2920
5909
8600
6940
9843
4069
9787
9128
2483
6773
4892
3653
9160
6790
0186
4817
5388
5623
7385
5800
9243
4437
1771
2599
7206
9418
4449
0515
0537
3567
8531
8663
9190
9547
4803
0537
5264
8855
5421
2575
4281
7948
3582
5002
3761
1942
0261
5221
5930
9112
1805
6681
6893
1192
2015
0856
9446
6787
3997
1814
2375
6251
2268
7954
6730
9414
6051
6840
2146
5063
6848
5128
4373
0301
5942
6748
5205
5500
3802
7618
2441
0003
7294
2652
9999
2703
2187
7041
5523
8359
0006
4374
9999
5080
7782
5990
9786
6070
6940
9649
8364
9846
5378
4530
5773
1953
4477
2437
8244
8710
4285
5406
4431
0772
9097
7247
6454
0323
7282
6869
0405
5956
3774
5430
9035
7872
7393
8462
5882
1109
7778
4353
1904
4160
2170
2253
4258
3099
2434
9335
5738
3620
5884
5383
7138
3887
4008
7453
9138
0392
5084
3050
4703
3352
6674
8272
6507
6039
0159
8886
1766
0942
1896
3907
5761
8565
1638
5270
3810
9431
1315
0542
4765
6536
6187
1085
8474
3996
0325
4770
0081
4783
2000
3383
5657
6291
9394
8334
7461
5791
2966
3658
3841
4833
9392
5871
8680
0886
2435
8913
5109
9898
1398
1556
0295
6270
1584
7182
7999
9028
4810
4434
6785
2752
5214
8092
7788
2064
8895
0778
2533
0112
3806
5820
9692
6653
3279
1870
0485
0243
8749
5277
5342
9049
6387
5963
5752
5283
1247
7410
7743
9164
6162
4733
0519
2430
2271
4978
9257
9483
1797
8855
6034
6064
7355
8956
7313
0566
6475
7525
5143
9931
2965
9352
5153
3122
8145
8209
2471
1660
9644
9165
6636
2680
5752
4887
2371
6908
0277
6947
7760
8243
2452
7352
9437
4091
2091
0554
3242
7924
0552
8442
1747
3060
4485
9373
2591
7140
9453
4575
9096
5253
7485
3459
2788
0508
7778
9701
8724
0440
3817
8188
8270
7984
1264
0817
3638
4945
5006
1464
3913
0879
6928
5308
4817
6754
7888
3410
7204
3708
9699
5897
3546
5694
5844
5796
3669
1822
4705
7683
6686
6079
5487
5737
8700
9172
4693
3888
7869
7987
4686
9060
6980
5275
6795
8740
2540
4188
2116
0628
4686
8598
2162
1244
1743
0877
7905
1676
3482
5961
5024
8722
2179
4857
4320
1093
7074
0855
9048
0319
1682
8403
2617
6954
9249
3396
5761
6258
3819
7292
3098
2417
6974
3079
0149
2444
1823
2712
6564
5735
2983
1600
4017
0154
4832
0265
4842
9643
1725
0990
0489
5703
0295
1104
3155
8180
8558
3592
0280
8858
3284
5477
1996
8445
0530
0160
7090
4811
8240
9603
1067
9761
4073
9581
4274
7787
8007
8969
8548
7443
7416
9057
9809
5855
0386
3494
7482
1038
1037
5607
7467
6748
9974
8539
9995
6355
4263
3079
9607
1957
3112
0706
6428
3352
9534
0406
3863
4399
2421
3472
6876
8854
1353
9801
8284
1983
7610
6603
6124
7214
2445
6823
7968
6717
9940
6170
7863
7741
7825
6829
4798
6868
8569
5237
3601
5926
3556
0761
8377
5196
2616
0791
3737
6790
0657
6752
9200
9075
2356
5595
2539
0528
3653
1593
2888
2620
6672
7033
8622
1428
2134
7705
2112
9960
2153
3996
4404
5709
4697
1264
9201
1121
6912
5076
9198
4494
2190
0804
4069
5687
9040
6512
9199
8364
6683
4559
3701
9027
2341
3598
7949
5904
9119
6037
3244
9553
3794
6399
0701
3761
6049
2321
7705
2076
1249
8554
4153
0938
3851
3121
3019
3378
7988
2638
9102
3472
0103
8284
4191
8375
3854
0660
0368
1684
5606
2508
3288
4953
0210
0352
4786
7968
9612
3065
4198
0940
2968
7101
4101
7741
2530
1932
1664
4767
0966
6015
1220
9662
4353
0622
6248
9321
3055
0631
5616
6608
5868
4735
0599
6347
3873
8387
8827
9740
6064
3565
5217
9263
1569
4166
9582
9104
3298
6403
1699
7770
8546
8925
9559
2316
4795
2953
9552
3833
4973
1564
8875
4305
7101
4434
0574
1465
7183
6260
5426
7161
9149
2047
8188
3929
8501
7717
2925
2351
5714
8595
1670
6705
6916
7192
6477
6136
6517
1113
8291
7090
8157
5393
6914
8351
0941
8902
1807
3194
3178
7337
4829
3511
5125
8721
8087
1020
7934
8813
3582
7891
6828
6452
5892
3458
4999
3188
2464
7829
6491
0662
5032
3107
5617
0627
0515
6542
8830
8440
9453
6672
3681
7675
9642
1406
6782
3483
5878
3179
0750
3905
7552
4002
2531
8656
5139
4448
7506
1165
9880
8020
6447
5464
9175
6464
1496
4260
0865
9379
8617
3022
2149
6887
0640
8527
2961
5936
4790
4762
4646
4898
5508
6841
4617
2621
7804
5779
3099
4574
1673
7007
1279
3511
6204
7571
6979
1508
4452
9466
1348
2266
2304
2749
6107
6443
3188
1853
5368
3039
5269
1453
5896
0610
0428
1990
6132
9456
4337
7224
1932
6362
4762
6044
8955
7436
7071
7355
5756
4326
0254
3248
4443
1216
1122
5016
9875
2852
8763
0609
1021
7979
3051
5760
9794
5297
5359
1236
5415
8994
7107
2183
3240
6100
3263
1332
4044
4153
8522
1860
0166
8216
5104
8708
7428
9711
4437
0753
6675
7930
2575
0665
9822
3096
8954
6891
8724
3665
0015
5098
5129
5865
1399
0521
7313
8906
6750
8961
1320
0792
1693
2049
2219
6815
9991
0327
9994
2412
9253
9173
9946
7163
5394
9455
5621
3108
6050
2984
7562
8820
9642
3054
4080
5934
6367
9880
7626
8407
8235
0237
8959
9089
8398
7672
3863
6922
8266
8879
7333
5175
3727
0271
9941
6303
0092
5459
9260
3673
5139
3098
6115
7002
5882
3845
9001
0569
6358
3910
5347
7062
9645
2288
1355
3682
3365
8094
4102
8313
8259
6868
5612
2139
1561
5347
8434
8111
7477
9625
3785
8365
9960
6568
6234
2400
5436
5522
8442
3547
3186
6805
5269
2527
3639
0892
9966
2359
4824
2789
9205
2249
7581
1915
5615
4490
3616
1426
8422
9011
1521
9199
8588
3848
0453
5274
1127
0216
9554
1099
6654
4379
0788
2279
7380
9462
9407
7657
4204
6576
7335
0985
9980
9603
9219
3542
9529
1468
4892
7699
1612
1720
9374
8261
7221
0724
2749
7500
3079
3563
9083
7757
3893
6059
5706
9713
3262
0541
3807
7537
0337
1073
9880
0830
7588
4177
6349
2132
6726
4858
1167
3308
9034
0642
1684
0167
4022
5623
0466
4250
3443
7237
7547
5502
1672
9726
5567
7481
5303
9305
2479
7576
9057
1416
1458
5232
3401
3106
2536
6111
3625
9460
4342
1498
6528
1877
0283
2773
8421
6251
4658
2924
3027
6954
9154
3703
4171
2260
6588
5996
5655
1601
4557
9046
3422
2343
3958
2527
2857
9677
5681
5278
0668
9591
6459
7330
0926
8831
5181
6311
2840
1420
3163
1456
4615
4224
1975
1574
2283
9474
6921
1140
5145
5825
5659
0099
2846
6362
9022
9745
4068
7890
2864
1235
8032
1187
4245
4788
7235
6024
4148
5984
0527
8432
9871
2921
2971
8756
7520
9790
8982
5990
5383
6203
9939
9705
2912
9767
8895
1473
1988
9272
2852
1701
9788
8577
0451
7617
0554
9211
7438
9372
2374
9995
0906
3270
2552
5856
6584
0262
1710
6920
4625
2803
6947
0293
7390
0801
3283
0144
8751
9898
0360
9856
6513
6068
5380
2376
8170
4689
5574
2968
4903
1243
7328
6346
8421
8278
0356
7929
8543
5125
6723
1038
3926
6521
7391
1287
1914
5169
5566
8683
8024
4339
9124
9965
1395
7100
4502
7444
3575
4202
0882
1685
6333
8387
8014
7089
3608
7053
7855
0490
9538
7501
7241
6967
3050
2143
5786
1631
3997
4985
4315
5146
1146
2572
8372
0748
7595
8724
6365
7376
0041
4420
1484
0650
9805
4395
7677
2578
0663
8605
1229
4743
3664
2546
6132
7461
2313
4505
6755
8318
7913
7068
8966
8856
3131
7045
5674
1079
5907
4456
7404
8822
7884
6303
5139
5211
5803
3153
7761
8855
9840
1212
2216
7771
3554
4990
5431
6099
8138
5394
0504
0758
3938
4839
2135
9005
2777
5847
2002
0271
1676
8895
3845
2415
8569
7388
7953
6253
2993
9924
1374
5182
0905
6820
2806
6573
9214
7559
4842
3037
3373
3013
4514
9757
5748
0380
8656
7737
2140
8175
1433
8324
4048
6710
2327
7967
7568
9243
9882
4191
6397
8666
7268
5423
1940
1727
3763
5537
4648
6932
9400
4828
0761
9302
2387
5525
1554
2833
7564
1912
3020
2775
6608
4504
6537
2775
0987
5574
1050
9515
4429
6983
7444
1997
2483
7040
9427
8843
7923
3751
0724
7735
0071
3341
1980
1024
1154
4465
7708
2362
9628
1096
1377
1105
6747
6031
0489
2461
7459
2627
7637
1084
7750
4926
7667
8035
3907
9005
7844
5762
6508
8131
8015
1549
9559
6612
9541
0635
1371
0281
3739
6116
2926
6239
4815
1335
6552
7071
8520
9485
7762
0086
5598
8073
2774
6969
0312
2208
8442
0432
9461
0292
3136
0998
0916
4018
6803
5112
6424
4992
8351
9406
3165
8266
1220
5385
7608
4629
6713
4392
1784
6553
8854
7206
6315
4784
0441
2228
6964
5664
2978
0533
5800
5543
8881
7533
9905
2920
7543
8605
2590
4223
6533
4830
7000
3856
2238
0736
0444
6089
0526
7572
2808
1146
6646
3221
5345
8134
0269
2812
9830
3277
5123
1420
7907
8653
6232
0774
9392
9685
2198
4730
9037
8367
8539
9929
7940
6864
6014
8386
6493
3739
8417
7449
3014
7217
1770
8922
0700
0519
0591
6436
9492
0399
2271
0166
0780
1996
7659
9917
6507
9917
4918
6165
1338
7190
6216
9793
7041
9838
9666
1545
5855
7799
4823
1267
7447
7058
7387
2761
6281
5159
5955
1482
8127
2085
9810
7226
1209
8274
3469
5970
9865
7609
0105
8161
9679
9901
7597
0335
9117
0527
5863
4449
3404
2445
6005
1193
4837
7564
2292
2871
6028
2637
4484
8535
0388
1305
5998
1188
6064
7111
6996
4311
6657
7975
2649
6977
7545
6538
3492
4749
1241
1598
3408
3048
8522
6415
1491
4393
5504
2262
4431
0046
8736
9697
3014
9584
7493
5594
9351
2578
6406
8347
0988
6918
0431
4032
0319
4659
4422
3696
4778
9456
1971
7407
9327
1516
4299
1787
0775
1042
6996
7724
9459
7716
7395
5112
9389
8743
9618
5934
3222
2558
2664
9518
3267
3910
3602
2290
8875
4160
4483
6564
4459
5240
5644
3894
4476
3125
3317
1501
3613
2044
6257
4703
5471
9128
6696
2420
9507
1155
8543
9167
6217
8182
8302
4182
3761
2590
8545
5035
8558
6062
7428
8460
6366
2465
8770
3443
0779
5097
7742
2859
2359
4711
9173
0898
6333
6372
3895
7110
1119
3063
8537
8863
6183
8520
4704
5949
4422
5172
3634
9405
0698
8216
7436
3613
6013
8059
5479
3095
7060
8206
9168
0035
1721
1375
6638
8679
5158
0319
4307
2902
2555
3659
9905
8972
0240
5716
4444
0585
8050
9358
5185
6861
8625
0878
6077
6717
5187
5509
2153
7159
8379
0616
9193
5961
0427
8880
9629
4790
2495
9253
9508
4699
7264
5054
5103
5658
4152
5042
7600
1546
7543
6550
4716
5083
2260
2009
5432
5285
7873
9755
7658
8399
7344
2075
0679
5179
5333
9428
9938
0131
0256
1418
9862
5681
6288
3025
6452
3861
7725
2554
8886
6702
1853
4951
3578
8606
9253
4848
6199
9309
0325
4772
6789
1255
5987
4951
4304
4245
1656
9131
0524
2009
1298
8917
1646
2815
2517
3142
6411
4169
4099
1498
9248
4709
5952
1704
2908
8274
2731
3683
2643
6190
0470
7992
7412
2611
2137
5992
3682
8887
9213
1391
3379
7421
5812
0730
1074
9849
6798
7386
7564
4297
3618
4644
0390
4915
7376
0791
4400
1505
3248
2545
5989
9355
6341
6295
8622
5810
4955
2044
9877
7791
1770
1022
0909
6597
8588
3200
2011
9122
2287
1944
9709
9555
9978
0648
3508
8260
6457
9526
1451
1879
6184
9498
7841
4912
4486
4027
3815
2037
8951
9219
4255
9397
9061
2209
4682
5522
0319
1511
1553
6340
1409
2934
6894
2960
3353
9277
3236
2158
6807
7999
6414
4310
1717
4719
8766
6456
1906
7269
0663
2510
2457
3709
2422
0400
7182
1390
5068
7615
3242
0687
4173
9201
6376
9491
8020
7108
9061
1042
9800
0499
5494
4127
1427
4209
2558
5328
2696
7129
3660
7225
9244
6915
1729
3586
1742
0721
2991
0330
6267
9692
7819
0619
8249
8320
5930
4778
9992
1391
4830
3657
5074
8591
1228
8539
5112
4512
7149
2502
3330
3086
0560
4906
4042
0892
5449
1244
6439
7646
3328
6403
1852
5144
0149
3927
2044
8421
7226
1857
1554
8631
6504
7374
1626
8470
2922
3929
4087
0486
2227
5516
8950
7875
5287
6556
1423
7118
8719
4524
7931
3081
6391
2867
9107
8896
6073
5308
8104
6077
7880
6069
4629
0760
4201
2425
1156
6324
2762
2577
8325
7949
7112
6414
1935
7893
8907
1227
2010
4230
9016
2650
9962
6576
7472
4350
3719
3346
5721
8284
8746
4926
3929
3181
2466
3646
0542
6164
8346
6251
9341
1721
0313
7529
4238
9167
7767
4840
6485
3971
7861
5016
4093
4027
2388
8777
4044
3532
7662
6381
1742
2846
6492
9555
0185
8653
7377
1643
5507
1271
9276
2561
1597
5379
0413
8906
7064
0209
6949
4523
5747
6074
0659
4994
2490
4393
6971
3224
5662
8265
2534
0250
4068
5926
3417
3984
9416
4546
9719
0201
6017
6112
2402
0086
4252
6747
3343
0794
7888
3309
8523
0776
1266
6863
5482
3550
7625
5192
7831
7623
4260
9603
8615
8033
8488
5009
0399
3110
4611
4115
4887
4875
7050
7997
4452
4300
6496
2714
7269
3712
5041
9025
9008
0570
2511
7194
8032
1833
9848
0218
5548
4702
2984
5130
8473
0153
5102
6135
1393
1231
2946
6212
8465
5157
9398
9930
0288
8045
3299
2907
9464
8198
5083
9294
7172
7114
7042
1040
7575
9904
1673
9075
4662
8947
4350
7576
6596
4319
7701
4340
5741
2613
1924
2300
9701
2042
7771
8963
4396
6613
2081
0334
9423
1179
5054
3213
7818
3052
2610
7163
0217
5093
3346
1581
2213
5058
6394
3283
1985
0009
2122
8615
7380
4195
8691
8232
7945
5748
7409
5040
2342
6200
1152
9701
6612
5923
3956
7824
9774
5583
2624
5105
1992
1426
4290
5952
6831
9831
6146
2248
9996
9062
8301
0400
9026
8433
1895
7288
2638
3395
8010
8931
2630
8012
7182
3790
6136
6438
5628
5768
6095
9687
5436
4420
2627
1793
8154
9362
4848
4526
2468
5511
7524
6173
3205
9992
0624
8798
5523
6585
8251
8375
4488
6292
3426
0891
6241
2364
0760
6102
9720
3439
2505
6099
9243
2719
5994
0987
1646
6969
9522
6309
0920
2733
1655
9744
3601
5991
5378
9304
7769
5412
7100
4182
8889
3355
6234
2210
6141
2364
0700
3842
1351
3538
5027
2017
0610
3898
0062
5135
2920
4821
5435
7408
6823
0488
2865
7417
5555
6993
6553
9490
7014
4513
1562
7660
0787
3299
5400
4899
5600
4384
7590
9974
9555
3089
9429
2628
5093
1416
3535
6543
9924
2086
2953
1409
9854
2280
0348
7254
5724
2937
3697
9624
0416
3571
2890
1517
1100
1201
2370
8465
7878
8324
3256
3289
9766
3105
8886
0162
4851
0777
2887
3419
7340
0910
2302
6532
8955
4931
0668
7380
2299
3875
0091
5055
1705
2217
0812
0211
8090
1281
9368
8678
2307
5302
1553
3393
9221
3969
1872
1536
8290
8883
1182
6669
4334
7583
9928
6793
3886
9751
2341
6614
2720
9092
6103
0649
0100
9107
1350
8409
7263
6633
9890
0800
6695
1727
3876
6092
6956
1501
0612
1156
1895
3148
2848
0594
7331
2019
1535
4082
8539
4018
1315
9766
1256
8742
8366
9542
4455
3800
3250
2869
5755
6479
9440
8905
5996
0382
2281
8638
5470
6998
0834
0709
3638
7783
7528
4101
2788
5402
6297
4024
7160
9690
5681
6109
9808
0954
4008
8325
6297
5871
0767
4032
1311
7803
9294
4607
7356
6529
8301
3073
6647
1698
1571
7098
8690
8482
6418
8716
8017
9072
1182
3018
8403
3941
7037
6692
0996
5824
7444
0422
0758
5382
4188
1790
9853
2955
3608
6324
0876
2502
4693
5840
3885
4566
5267
4363
9850
6578
7105
8129
1326
8813
0202
3280
5996
7903
1246
6015
2901
3451
0014
1746
7556
1274
9875
5665
6412
9881
9394
8854
8388
8183
2131
8645
8434
5864
4547
6889
2846
0241
4951
6056
7487
5157
6615
8910
9051
9833
8694
0555
1492
2261
3499
6869
6823
5992
3235
2143
2828
9761
6300
2787
2661
3726
3701
9203
1737
0637
0621
9898
8653
2817
5964
1002
3312
8178
7433
6916
5407
0817
9797
2157
7451
2886
9953
5022
5428
4328
0945
6150
4641
8739
7270
6677
6603
7581
1589
0884
6488
3054
6968
6071
9068
7378
0916
6780
9855
8628
1604
9682
1893
1982
8599
6201
6615
5967
3779
7501
1153
7615
2987
1196
6161
8177
4442
2392
7348
8303
6708
6654
3134
2489
2898
3064
7273
9683
1195
3786
0001
2071
4122
3060
5481
6100
8776
1624
2097
7188
3225
6555
9777
4106
1048
3789
7128
2949
0496
7252
5514
6745
3283
1173
6429
5447
3712
3546
7645
4170
8975
0546
4451
2347
2493
0354
9941
0031
7744
4903
5717
8082
3222
7942
9420
7881
9483
6605
4492
2355
4422
2995
4183
8507
0132
1477
8589
4838
9918
0134
5677
4908
7751
9146
5003
7948
7971
6546
7371
0431
8676
7968
3314
0621
3540
0198
6802
4875
0536
1691
1063
3328
2730
5385
2933
0983
2639
0957
6551
7303
4159
9314
8829
7461
8987
7029
2067
6682
9362
7258
1355
6542
5248
9814
0058
1967
8942
4020
5152
3471
2735
0239
1791
3065
2962
6112
7014
7367
9468
2825
0735
2290
6343
8147
6210
3283
2992
5040
3013
9745
3520
7872
0139
9546
9735
7850
4418
1263
7632
3010
8712
8611
9460
2842
5518
0972
8236
5564
5098
9620
6706
4992
4302
2758
1363
6087
3600
2624
4126
1345
5951
5694
7151
8144
1257
6475
4243
7204
5488
0573
4275
2991
0023
4756
5840
3548
5232
7879
5202
4789
4253
6783
3054
6666
6662
6980
9167
3367
5080
4257
2779
8824
4833
4081
6631
8942
0047
7413
7546
0651
5057
6168
2979
3451
6623
0561
8732
7637
4615
2142
8474
7983
8241
6244
1792
7943
2773
0708
3266
9207
5000
7536
2523
1123
6378
5337
0344
9694
7828
1924
6900
3922
4182
7090
0199
3931
4514
0586
4196
8997
2885
2627
7806
0904
7712
0111
4195
9351
0839
8597
5136
9892
3901
1192
4564
2189
0507
8556
3684
5806
4053
1726
0821
0323
8595
6406
2125
5115
3753
0708
3659
4182
4654
9686
8994
5310
9166
0488
3934
6181
8489
8498
6054
9234
0422
8931
0387
1063
2388
4892
5899
4358
2340
5096
1691
4052
8407
3554
1748
3894
6864
0246
7458
5764
8781
3683
5324
0949
8861
1318
0929
4555
2483
8365
8796
6866
2361
5383
2248
8861
1515
8475
0413
8996
6431
0214
0460
2217
4279
3519
6862
4604
5896
0274
8327
7187
1386
3298
1270
7119
1341
5242
8000
7974
8238
8869
5075
0340
5883
0280
4732
8981
1942
4309
0880
1808
4554
7105
1079
6937
9127
0331
1220
0270
5767
2053
8102
6401
0210
9737
7028
0806
0804
2736
9497
0956
6198
0772
9947
6237
9325
6625
4063
6027
0515
1996
5386
9004
6341
6949
7544
4395
5896
2196
9918
8046
1301
1440
1897
5372
3265
8400
5470
7550
6490
8460
4453
7177
1863
0449
8205
2396
9219
9062
8777
8902
5432
7940
0237
6919
2822
6092
6590
8443
4503
9215
1731
0973
3633
0711
6477
0879
5117
2329
7486
8635
9360
6358
5681
3365
0302
0890
7807
1361
3142
1454
6060
8131
6143
1963
5395
6498
6755
8492
3295
3848
0980
9672
7675
1363
8337
7105
7327
4220
3178
9680
7558
1373
5212
6600
5341
4040
9553
8012
0888
5641
6019
2923
2516
8222
6808
5865
1540
5915
0022
0107
2111
2125
1086
2548
3296
7002
9484
0761
5145
3840
7850
0522
4144
8670
2999
5334
4846
0907
8301
3462
6671
1136
6584
0571
4439
5053
3198
6864
2564
7354
3894
3305
0674
3704
3422
0135
7907
3729
8842
3773
4082
1411
0531
5990
1676
7762
6341
5647
6569
9644
1332
8908
7892
3241
1052
5730
8176
4960
5202
3138
0753
6803
4798
4232
2048
7694
4148
9467
4144
1828
8531
3084
4565
0357
2621
1376
2400
0099
7494
4754
4158
5798
6958
9879
7490
6894
7101
7384
4213
7854
9832
0721
5471
6688
5668
5058
0971
1258
2363
1639
5042
6202
8190
7055
7030
0886
0052
8524
8812
1147
7164
2829
8635
3249
3509
8139
6393
4272
1614
6856
6973
0120
1836
4017
1744
3991
0742
3747
5488
9440
1548
4049
0447
5365
6863
9810
5810
9708
0162
8964
8486
6684
6287
6732
1560
7113
4406
3149
8642
3625
1597
0028
2692
9796
0206
2838
0608
9776
9520
1704
1141
4633
1783
8442
4074
0944
9267
5460
2344
7317
7383
0590
8518
9320
2425
0027
3244
2698
9119
4785
4541
4100
4851
9041
8884
5040
2820
8276
4057
2211
4162
5857
7347
3584
8049
1180
0887
8629
0554
5142
8944
5115
4625
0444
8364
4889
1188
1559
1252
0222
4835
9578
6873
3453
6171
4461
6637
7818
1480
7873
4497
4416
9512
6231
7640
8745
0243
7307
6151
9119
1314
1124
7076
9746
1066
1972
2436
9659
7796
9605
1054
9294
7208
0119
5704
7373
3851
1968
6805
7681
8145
3575
4464
1987
3294
5360
4048
6059
1911
2206
7174
4046
7625
1329
9014
4689
9517
3872
9204
2640
1509
2193
8658
1888
5486
5934
5659
0589
6132
3976
0660
9296
9616
1350
3100
7320
3622
0164
8043
0817
1308
6807
4429
1094
3408
6932
6355
4552
5780
3868
4158
3270
9137
2691
4536
2243
5070
6294
8756
3665
9439
8378
0441
7327
3153
5664
5053
6055
3245
0637
2293
6115
6216
9373
9210
9506
1575
1215
0392
5252
5634
3624
7468
4253
8430
8797
2469
7269
3130
9741
4726
2150
9518
6314
0482
8316
2086
2277
2797
2090
5084
6073
8982
4192
4506
9080
6984
0332
4705
2210
7483
7009
6399
8494
0536
1051
6418
8019
2324
0460
5667
6066
7939
4834
4278
7451
2480
5829
8735
1525
6346
1731
3987
6712
7515
4845
9096
8777
3165
1331
9278
3079
3041
0007
6485
4646
7728
6639
9013
3533
5715
4638
3329
3295
6584
3212
0594
9247
6425
4811
4722
4780
7348
9976
3978
1538
3456
9680
3829
4720
5070
6797
6456
6087
4533
4656
2852
5015
7638
7285
3083
3290
7299
5378
7138
5011
9121
0012
5262
2158
4297
6655
8123
8822
1117
6245
5793
0683
5990
2107
8732
7278
5061
6239
0764
9985
2131
7372
0522
6996
5422
7096
6530
6353
9167
7236
1952
7843
1153
3863
6133
8426
0680
0055
1733
5765
6217
0242
4364
1401
9415
9322
5537
6475
1577
9835
7728
6415
7445
2985
7543
9447
3516
9002
4103
1294
9629
4773
7766
1187
0866
7523
9247
3922
4658
6539
5599
0091
7744
5577
7633
5795
4475
5654
8295
1395
8910
0734
6295
2380
1825
3341
0607
1766
9646
9589
7742
0757
4427
2825
5246
5454
4533
2439
3597
7130
0278
4117
0351
9865
6264
5936
2608
3955
4194
3690
6693
3991
7729
1022
3497
6595
8568
5518
9482
8071
1734
1663
9558
0072
4667
5998
0301
1356
7834
7395
4761
2863
0092
4072
1011
7917
2271
4779
5849
3004
8146
7248
5415
8631
0134
7137
7942
2630
0141
4873
5318
8318
6528
1364
8009
3556
1816
8804
9085
5618
1160
6704
8958
6393
2319
1137
8327
3732
9659
8953
4477
4248
2791
4637
3058
0754
0604
7526
1901
4768
7078
4544
3989
4715
9052
3050
0497
7016
6155
5127
2316
9772
5697
2683
3709
0894
4471
2816
6443
9252
1486
9083
6311
5777
7349
5740
6995
5848
0623
9859
5874
6632
1212
7220
3071
4772
2060
9389
5552
2750
3304
9378
1015
3929
5720
9136
6366
2226
4936
9297
1155
6659
6746
5809
8413
8333
2489
0129
2194
3437
0776
0001
6014
7886
6742
9637
4994
7925
4758
7235
7276
7078
3506
6101
8842
3902
2025
3452
3326
1192
6088
0510
1434
9165
8833
8519
4391
0680
3043
8631
5656
4786
2727
6880
1347
4101
4360
6455
4072
3820
0684
9110
5315
2994
8154
2375
7846
3195
8657
9881
3962
7228
0119
3550
3093
0974
9393
4319
8387
2662
9188
6601
7278
8755
8673
0225
6325
9210
7834
2428
2452
2539
0978
1638
5943
6419
1638
9398
8897
9639
3242
9870
2782
8743
0889
9056
5858
0708
3562
7689
0241
4379
4420
8951
2586
5427
1418
6584
8237
8515
5456
8746
0186
5234
8980
9319
4698
9736
4538
3118
5777
2580
3033
2485
8747
8103
6381
1196
4683
5149
9784
1895
0571
3935
7961
8176
6837
3224
4709
1922
4655
7739
0793
4607
9763
6937
6492
3161
0500
1279
6832
7991
6406
3087
6436
8325
5947
3086
1009
1276
6684
6263
1555
0903
6431
2622
4719
4883
9942
4201
5930
7229
4798
8657
8732
1347
6443
0633
5680
1550
9489
0728
3225
9767
7925
0134
6828
4677
4145
3910
0342
7436
7697
5088
0259
0525
3037
7482
6228
7662
7779
4660
1204
1373
1198
7509
7383
5736
5048
5685
6770
7944
9089
7651
4162
8823
8730
1252
4571
2539
9165
8074
1840
1551
6366
9978
6162
5073
8912
1892
5794
0348
6001
5122
1269
5449
2081
9648
9505
0397
5336
9441
3486
5503
6744
2764
3837
4105
2316
8428
4282
1546
9962
8212
8523
8162
1694
7509
5680
9271
1825
1690
0892
3540
4617
5569
7010
6477
9002
5087
0893
2744
5387
5459
6952
9341
8970
2673
3756
9262
0169
1490
5125
1080
0337
1995
1353
3053
7752
9419
7277
8703
6168
7949
7814
7656
9727
4437
2461
6904
5157
7700
8611
1480
9993
9499
9748
7306
1923
9901
2387
7750
6221
6023
3677
9798
8526
7869
4926
0544
0048
8874
6017
6117
1597
8903
5351
5693
5850
4267
1559
0558
5311
9216
7364
7515
4754
0203
5034
7170
1315
1239
7711
2289
8535
5961
6924
9654
4970
9594
9396
5631
0924
8434
0028
7269
2526
7034
0353
5060
0140
1971
0776
4904
1408
7132
9109
2455
8098
2137
3406
1525
8076
0503
6523
3537
6815
8473
0657
6069
0702
1922
8750
0845
0120
2655
5942
5681
9513
0076
9338
0253
4522
7862
2649
1774
8224
6968
4850
0620
0497
1069
7152
7733
8075
1091
2281
0031
2196
3513
3154
4461
5770
6248
1512
2759
2366
8717
2677
4777
5290
6329
8780
5388
1648
0114
4494
8455
3754
5857
6461
6006
4121
8345
7846
5640
7294
8529
7078
8685
6238
2546
0700
7045
7185
2574
2939
4105
1770
7532
1197
3537
1665
8909
8255
4589
8601
0787
4544
7891
2994
8944
7530
4019
7550
1137
7570
5194
2402
8698
6411
3872
4049
0521
1979
0901
2198
9283
3515
2377
3995
6486
5306
0405
1482
2076
9847
0657
5368
7836
6367
3772
4489
1087
9538
1359
8024
9577
0703
5411
1521
3323
7644
7246
4489
2594
9168
9076
8315
7055
6794
8505
6140
9457
8962
4973
5686
9616
6122
0461
5361
8613
0236
2617
2461
4653
4864
