43
251 107 0.717
242 172 0.967
250 202 1.216
274 330 1.497
295 361 1.716
376 389 1.981
432 347 2.23
423 252 2.464
417 180 2.683
385 230 2.917
365 218 3.166
357 166 3.369
362 115 3.572
369 75 3.806
389 39 4.056
316 38 4.29
289 106 4.539
281 226 4.789
263 296 5.038
247 391 5.304
261 436 5.538
325 438 5.787
336 381 6.084
417 325 6.396
453 278 6.645
451 183 6.848
452 132 7.118
322 223 7.386
229 329 7.682
216 395 7.979
216 265 8.228
225 217 8.462
221 127 8.712
224 59 8.93
248 47 9.18
264 98 9.403
289 120 9.653
302 202 9.902
292 241 10.136
302 258 10.355
352 277 10.573
355 338 10.807
330 370 11.088
