43
40 194 2.137
49 212 2.527
52 219 2.87
50 231 3.12
46 247 3.385
48 259 3.681
59 263 3.962
70 238 4.18
71 224 4.399
92 253 4.617
89 271 4.867
41 293 5.101
34 267 5.553
34 245 5.772
27 230 6.052
40 249 6.318
42 267 6.552
56 286 6.786
84 287 7.035
89 272 7.269
89 266 7.488
85 239 7.753
88 220 7.956
75 261 8.205
75 280 8.455
72 310 8.658
38 311 8.923
35 304 9.172
34 269 9.391
37 255 9.609
45 230 9.864
67 195 10.129
67 195 10.347
72 224 10.597
137 245 10.847
132 272 11.086
120 293 11.304
117 258 11.522
106 224 11.756
99 216 11.967
99 270 12.263
102 291 12.481
87 305 12.731
