45
285 176 1.648
338 157 1.866
374 132 2.1
470 93 2.318
507 83 2.552
561 135 2.802
557 170 3.02
523 156 3.239
503 148 3.457
366 201 3.832
324 207 4.034
467 209 4.284
526 215 4.502
535 216 4.705
541 136 4.939
539 133 5.142
529 209 5.345
532 250 5.548
490 246 5.766
401 241 5.984
307 236 6.218
390 267 6.468
465 270 6.702
537 271 6.92
545 283 7.154
545 311 7.373
537 321 7.607
526 291 7.872
483 289 8.137
417 285 8.356
357 290 8.574
390 307 8.824
502 319 9.042
552 330 9.245
544 353 9.51
517 358 9.76
516 283 9.962
504 258 10.165
503 235 10.368
484 322 10.68
505 394 10.93
491 398 11.117
450 365 11.366
358 335 11.569
324 321 11.756
